1 0.030312499999999964 0.39140625 0.046828125 0.019546874999999984
1 0.99140625 0.38515625 0.0171875 0.0234375
3 0.757828125 0.4819375000000001 0.018374999999999985 0.017562500000000016
1 0.7798437499999998 0.47878124999999994 0.018374999999999985 0.02495312500000004
1 0.9424687500000001 0.39190625 0.03528124999999989 0.016093750000000018
1 0.8876874999999999 0.399 0.0337031249999999 0.01899999999999995
1 0.829203125 0.40531249999999996 0.030531249999999944 0.01662499999999998
1 0.07006250000000006 0.322640625 0.04901562500000001 0.014828125000000015
1 0.24564062500000006 0.310578125 0.04299999999999997 0.01714062500000004
1 0.33526562500000007 0.30523437500000006 0.03465625000000001 0.015281249999999958
1 0.656203125 0.45590624999999996 0.019515625000000016 0.019640625000000078
1 0.660578125 0.432078125 0.023265624999999977 0.017125000000000057