1 0.1171875 0.6453125 0.0453125 0.0859375
1 0.4859375 0.659375 0.05625 0.05859375
1 0.50234375 0.4875 0.04765625 0.04296875
1 0.63359375 0.42265625 0.04375 0.0421875
1 0.72734375 0.50625 0.01953125 0.03125
1 0.8265625 0.53984375 0.05390625 0.0375
3 0.75078125 0.5 0.01484375 0.01171875
1 0.64140625 0.3765625 0.0421875 0.02890625
1 0.67421875 0.34140625 0.0390625 0.028125
1 0.51953125 0.3265625 0.01796875 0.05234375
1 0.59375 0.2828125 0.02421875 0.0453125
3 0.5578125 0.23046875 0.00859375 0.0203125
1 0.59140625 0.11328125 0.0265625 0.01953125
1 0.62734375 0.11328125 0.02734375 0.0203125
1 0.659375 0.1234375 0.01171875 0.02734375
1 0.8578125 0.09296875 0.0109375 0.02421875
2 0.4953125 0.08671875 0.021875 0.04140625
2 0.51015625 0.1 0.01953125 0.02109375
2 0.5328125 0.1234375 0.0109375 0.02890625
1 0.37578125 0.03359375 0.0171875 0.028125
1 0.3921875 0.01171875 0.015625 0.0234375
1 0.4109375 0.03125 0.015625 0.02421875
1 0.396875 0.05234375 0.015625 0.02421875
1 0.515625 0.01953125 0.0140625 0.021875
1 0.27109375 0.075 0.015625 0.0296875
1 0.18984375 0.0625 0.028125 0.0234375
2 0.159375 0.0515625 0.028125 0.021875
2 0.20390625 0.14296875 0.04609375 0.01953125
2 0.20546875 0.12734375 0.0421875 0.015625
1 0.25 0.19453125 0.01484375 0.03671875
1 0.21484375 0.17890625 0.03203125 0.0234375
1 0.1625 0.24765625 0.03125 0.02109375
1 0.1421875 0.29140625 0.03125 0.03671875
1 0.10703125 0.346875 0.04453125 0.02734375
1 0.11796875 0.3296875 0.04296875 0.01953125
1 0.06015625 0.3796875 0.04453125 0.0390625
1 0.10625 0.4125 0.0484375 0.05390625
1 0.53984375 0.90390625 0.0703125 0.05078125
1 0.6203125 0.70390625 0.06484375 0.0734375
1 0.7671875 0.85703125 0.0671875 0.07421875
1 0.32265625 0.3203125 0.0328125 0.04609375
1 0.45859375 0.29375 0.0359375 0.03125
1 0.4640625 0.26953125 0.03984375 0.03984375
2 0.525 0.21171875 0.03671875 0.034375
4 0.2796875 0.35 0.00703125 0.01640625
4 0.7953125 0.15859375 0.003125 0.0078125
4 0.840625 0.0890625 0.00234375 0.0078125