1 0.909375 0.34921875 0.0203125 0.0296875
3 0.3953125 0.22421875 0.03125 0.0265625
1 0.9546875 0.496875 0.0203125 0.0234375
1 0.9265625 0.434375 0.0203125 0.0234375
2 0.36796875 0.065625 0.08125 0.0578125
1 0.93984375 0.4625 0.0203125 0.0234375
1 0.92421875 0.3546875 0.01875 0.021875
1 0.78515625 0.70546875 0.028125 0.028125
1 0.8875 0.325 0.0203125 0.0296875
1 0.30546875 0.83125 0.071875 0.0296875
4 0.2171875 0.11875 0.015625 0.009375
4 0.28671875 0.03046875 0.015625 0.009375
4 0.3015625 0.0515625 0.015625 0.009375
4 0.29375 0.03828125 0.015625 0.009375
2 0.59453125 0.1890625 0.0578125 0.03125
2 0.6765625 0.1640625 0.075 0.046875
1 0.56484375 0.215625 0.0578125 0.040625
1 0.565625 0.2484375 0.0578125 0.040625
1 0.61328125 0.2671875 0.0390625 0.0453125
1 0.59765625 0.33203125 0.0328125 0.04375
2 0.715625 0.409375 0.0265625 0.0421875
1 0.5453125 0.6890625 0.0484375 0.028125
1 0.71015625 0.72578125 0.040625 0.015625
1 0.7171875 0.74296875 0.034375 0.0140625
1 0.92109375 0.378125 0.0171875 0.0234375
1 0.91953125 0.2296875 0.03125 0.0171875
1 0.90078125 0.16484375 0.0296875 0.0265625
1 0.82734375 0.08125 0.0359375 0.0359375
1 0.7875 0.034375 0.0421875 0.0421875
1 0.746875 0.04765625 0.0421875 0.040625
1 0.78515625 0.08671875 0.0421875 0.040625
1 0.9671875 0.2125 0.0296875 0.0203125
2 0.9796875 0.13359375 0.0265625 0.0359375
1 0.996875 0.1796875 0.00625 0.01875
1 0.99765625 0.16484375 0.0046875 0.0203125