1 0.97109375 0.59453125 0.0578125 0.0890625
2 0.365625 0.70625 0.0671875 0.0875
1 0.46484375 0.43203125 0.0328125 0.0609375
1 0.43125 0.3625 0.040625 0.05
1 0.346875 0.38828125 0.05 0.05
2 0.39453125 0.97421875 0.0515625 0.0515625
3 0.809375 0.62890625 0.0328125 0.0609375
3 0.6984375 0.4171875 0.025 0.04375
3 0.584375 0.321875 0.0203125 0.0265625
3 0.70859375 0.22109375 0.0171875 0.0234375
4 0.5140625 0.16875 0.0046875 0.0125
4 0.50078125 0.11328125 0.003125 0.0109375
4 0.51640625 0.1140625 0.003125 0.0109375
1 0.33046875 0.025 0.0171875 0.0234375
4 0.10234375 0.65390625 0.00625 0.0125
4 0.10625 0.65546875 0.00625 0.0125