1 0.0328125 0.6078125 0.05078125 0.084375
2 0.62890625 0.6859375 0.0609375 0.08203125
1 0.51796875 0.4234375 0.02890625 0.0578125
1 0.54765625 0.3546875 0.0359375 0.04765625
1 0.63046875 0.375 0.04609375 0.04453125
2 0.6140625 0.9625 0.04765625 0.075
3 0.19296875 0.6328125 0.02890625 0.0578125
3 0.290625 0.42109375 0.02265625 0.040625
3 0.39609375 0.32265625 0.01796875 0.025
3 0.2703125 0.23046875 0.01484375 0.021875
4 0.45703125 0.1703125 0.0046875 0.0125
4 0.46640625 0.115625 0.00390625 0.01015625
4 0.4515625 0.1171875 0.00390625 0.01015625
1 0.628125 0.02109375 0.01484375 0.021875
4 0.88203125 0.62109375 0.00546875 0.01328125
4 0.87890625 0.62265625 0.00546875 0.01328125