3 0.25390625 0.04296875 0.0109375 0.01640625
1 0.98671875 0.59296875 0.0265625 0.04296875
2 0.80703125 0.15546875 0.02109375 0.0203125
2 0.6703125 0.64609375 0.021875 0.08359375
1 0.42578125 0.625 0.02265625 0.07421875
4 0.053125 0.8109375 0.01015625 0.0140625
1 0.3109375 0.4765625 0.02578125 0.0171875
1 0.55234375 0.65546875 0.06015625 0.046875
1 0.6203125 0.0875 0.0265625 0.01875
2 0.5765625 0.09140625 0.02265625 0.01875
3 0.2953125 0.2234375 0.015625 0.01171875
1 0.4484375 0.14375 0.0203125 0.021875
1 0.55234375 0.653125 0.059375 0.04765625
2 0.7203125 0.73359375 0.02265625 0.046875
1 0.85703125 0.26796875 0.0359375 0.0328125
1 0.48359375 0.64765625 0.059375 0.05234375
2 0.7046875 0.746875 0.02421875 0.0921875
2 0.76796875 0.78984375 0.03359375 0.11171875
1 0.97265625 0.24375 0.01796875 0.03828125
1 0.865625 0.115625 0.0125 0.02578125
1 0.84375 0.090625 0.0109375 0.021875
1 0.85546875 0.0078125 0.009375 0.01484375
1 0.39453125 0.0953125 0.0234375 0.03359375
1 0.36796875 0.0640625 0.0171875 0.0296875
1 0.5 0.0234375 0.0265625 0.0296875
2 0.53828125 0.03359375 0.02109375 0.01953125
2 0.5296875 0.05546875 0.02109375 0.04140625
2 0.58671875 0.1171875 0.0359375 0.021875
1 0.64375 0.196875 0.0296875 0.0203125
1 0.58671875 0.2515625 0.02109375 0.03984375
1 0.546875 0.26796875 0.03125 0.03984375
1 0.65078125 0.29609375 0.01328125 0.03984375
2 0.66328125 0.4140625 0.05 0.0296875
1 0.721875 0.32578125 0.03828125 0.03046875
1 0.72890625 0.31796875 0.0296875 0.05390625