2 0.725 0.03203125 0.0203125 0.025
4 0.22734375 0.4875 0.00390625 0.0125
1 0.1359375 0.0578125 0.025 0.02109375
2 0.7296875 0.02421875 0.01484375 0.01796875
4 0.23828125 0.42890625 0.00390625 0.0078125
4 0.2171875 0.46640625 0.00546875 0.01328125
4 0.31953125 0.303125 0.0046875 0.01015625
4 0.30234375 0.31484375 0.0046875 0.0109375
4 0.246875 0.41875 0.0046875 0.0078125
4 0.32734375 0.31171875 0.0046875 0.01015625
4 0.2015625 0.4765625 0.0046875 0.009375
4 0.290625 0.39921875 0.00546875 0.01328125
4 0.2734375 0.3921875 0.00546875 0.01328125