1 0.26015625 0.23671875 0.06875 0.0640625
1 0.0078125 0.709375 0.015625 0.053125
2 0.31171875 0.55625 0.0296875 0.0671875
1 0.025 0.7984375 0.0234375 0.0375
1 0.771875 0.990625 0.009375 0.01875
2 0.21875 0.17265625 0.075 0.0375
1 0.09609375 0.97890625 0.0265625 0.028125
2 0.18203125 0.19140625 0.059375 0.0546875
2 0.03671875 0.853125 0.040625 0.0625
2 0.42734375 0.46953125 0.040625 0.046875
2 0.40546875 0.503125 0.0375 0.0375
4 0.60703125 0.50625 0.0046875 0.015625
4 0.596875 0.52734375 0.003125 0.0125