1 0.4109375 0.98515625 0.090625 0.0296875
2 0.30625 0.3734375 0.0875 0.0671875
1 0.58671875 0.48046875 0.0625 0.0328125
1 0.65859375 0.446875 0.0515625 0.0390625
1 0.63359375 0.36015625 0.0484375 0.0515625
2 0.028125 0.39765625 0.05625 0.0515625
3 0.378125 0.83046875 0.0625 0.0328125
3 0.59765625 0.7203125 0.0453125 0.0265625
3 0.69765625 0.6046875 0.0265625 0.0203125
3 0.79921875 0.734375 0.021875 0.015625
4 0.85625 0.53515625 0.0125 0.0046875
4 0.91328125 0.5234375 0.0109375 0.003125
4 0.91171875 0.53984375 0.0109375 0.003125
4 0.36484375 0.10390625 0.0125 0.00625
4 0.36328125 0.1078125 0.0125 0.00625