1 0.3078125 0.61015625 0.046875 0.03984375
2 0.19296875 0.32734375 0.0265625 0.0515625
2 0.59375 0.0578125 0.03203125 0.02890625
2 0.58125 0.146875 0.0359375 0.021875
2 0.578125 0.09140625 0.03359375 0.03359375
4 0.63046875 0.071875 0.00390625 0.009375
3 0.77734375 0.21015625 0.01171875 0.02734375
3 0.825 0.23828125 0.01171875 0.02109375
4 0.86953125 0.378125 0.00546875 0.0125
4 0.82578125 0.3921875 0.00703125 0.01796875
3 0.78671875 0.2015625 0.01015625 0.01640625
4 0.82578125 0.28671875 0.0078125 0.01484375
4 0.79765625 0.33125 0.00625 0.01328125
4 0.85390625 0.38984375 0.00625 0.01328125
4 0.8671875 0.390625 0.00625 0.01328125
4 0.84296875 0.44140625 0.00625 0.01328125
4 0.85 0.41328125 0.00625 0.01328125
1 0.9828125 0.103125 0.02265625 0.01640625
1 0.49765625 0.08125 0.02578125 0.01796875
1 0.4953125 0.04453125 0.02265625 0.01640625
1 0.41796875 0.0046875 0.01953125 0.009375
1 0.6640625 0.21640625 0.015625 0.06015625
1 0.671875 0.2828125 0.040625 0.0265625
1 0.57734375 0.259375 0.0390625 0.02421875