1 0.0828125 0.26875 0.0296875 0.0390625
1 0.29921875 0.22109375 0.025 0.03125
1 0.6265625 0.2375 0.01640625 0.02734375
1 0.359375 0.19375 0.03046875 0.02265625
1 0.121875 0.09296875 0.02421875 0.02421875
1 0.071875 0.43125 0.02734375 0.028125
1 0.14609375 0.071875 0.02265625 0.0203125
1 0.3109375 0.19375 0.028125 0.02265625
1 0.27890625 0.21484375 0.01953125 0.0265625
1 0.1 0.41640625 0.0203125 0.0265625
1 0.7 0.2828125 0.0171875 0.021875
1 0.6953125 0.26875 0.01484375 0.02109375
1 0.07265625 0.40390625 0.02734375 0.02734375
1 0.35625 0.5921875 0.03828125 0.06640625
2 0.1921875 0.3375 0.0265625 0.025
1 0.72265625 0.778125 0.05703125 0.059375
1 0.35234375 0.021875 0.0171875 0.0171875
1 0.15859375 0.09609375 0.025 0.02578125
1 0.20625 0.0203125 0.015625 0.01875
1 0.328125 0.02890625 0.015625 0.015625
1 0.1328125 0.11796875 0.02578125 0.0265625
1 0.6703125 0.1203125 0.01015625 0.02265625
1 0.41875 0.00390625 0.01796875 0.0078125
2 0.41640625 0.14765625 0.01953125 0.0203125
1 0.68984375 0.11640625 0.0140625 0.01875
2 0.26484375 0.16875 0.02421875 0.025
1 0.2578125 0.0078125 0.0140625 0.01484375
2 0.2328125 0.1625 0.028125 0.04140625
1 0.6578125 0.14140625 0.01015625 0.02265625
1 0.20859375 0.0078125 0.01796875 0.01328125
1 0.09765625 0.40390625 0.025 0.03046875
3 0.296875 0.3109375 0.01796875 0.015625
1 0.35546875 0.00625 0.0171875 0.01171875
1 0.3578125 0.0140625 0.0203125 0.0171875
2 0.16015625 0.3234375 0.021875 0.0203125
1 0.21328125 0.0140625 0.01640625 0.0171875
1 0.14375 0.1 0.021875 0.0234375
1 0.63671875 0.0921875 0.0203125 0.0171875
1 0.60390625 0.93125 0.06953125 0.0875
4 0.2765625 0.0984375 0.00390625 0.01015625
4 0.68125 0.121875 0.00234375 0.009375
3 0.29609375 0.73125 0.02734375 0.0390625
1 0.015625 0.6671875 0.03125 0.03671875