1 0.95703125 0.42265625 0.0375 0.0375
1 0.6109375 0.18046875 0.05625 0.0703125
2 0.5109375 0.69453125 0.0484375 0.04375
1 0.97265625 0.3125 0.03125 0.0359375
1 0.6203125 0.475 0.046875 0.0546875
2 0.603125 0.58359375 0.0765625 0.0546875
1 0.8640625 0.296875 0.046875 0.0546875
1 0.63515625 0.40390625 0.053125 0.0578125
1 0.68203125 0.215625 0.0484375 0.0625
1 0.9515625 0.2359375 0.0234375 0.0234375
2 0.54921875 0.9421875 0.05 0.04375
3 0.553125 0.29140625 0.0359375 0.03125
1 0.7640625 0.3546875 0.05 0.03125
1 0.97578125 0.2640625 0.0265625 0.0265625
1 0.95234375 0.25390625 0.028125 0.0328125
2 0.6984375 0.428125 0.04375 0.0328125
1 0.97421875 0.35625 0.0328125 0.0265625
1 0.66015625 0.30078125 0.0515625 0.046875
1 0.9828125 0.4 0.034375 0.028125
2 0.521875 0.6875 0.0671875 0.0640625
1 0.97734375 0.34140625 0.028125 0.0203125
2 0.9953125 0.11796875 0.009375 0.0328125
1 0.7125 0.6734375 0.04375 0.028125
1 0.42109375 0.73359375 0.078125 0.0640625
1 0.75625 0.18046875 0.0546875 0.0375
1 0.64609375 0.053125 0.040625 0.05
1 0.98125 0.16953125 0.0296875 0.025
1 0.75390625 0.390625 0.0515625 0.046875
3 0.5984375 0.10234375 0.0296875 0.03125
1 0.6734375 0.74921875 0.0125 0.0078125
1 0.68046875 0.76875 0.0125 0.0078125
2 0.51328125 0.80703125 0.075 0.0484375
1 0.75546875 0.21015625 0.0515625 0.0265625