1 0.30546875 0.25 0.028125 0.0375
1 0.45 0.07421875 0.0125 0.021875
1 0.5171875 0.275 0.01875 0.0421875
1 0.36796875 0.21015625 0.025 0.034375
1 0.71015625 0.00625 0.0234375 0.0125
1 0.70078125 0.07734375 0.0125 0.01875
1 0.990625 0.81015625 0.01875 0.0578125
2 0.66640625 0.0578125 0.025 0.0203125
2 0.4671875 0.73515625 0.05625 0.15
2 0.17578125 0.25234375 0.05 0.0296875
1 0.7 0.03359375 0.009375 0.015625
1 0.36484375 0.04140625 0.0125 0.015625
1 0.8390625 0.1203125 0.0265625 0.03125
1 0.95703125 0.7484375 0.0625 0.0421875
1 0.4046875 0.059375 0.0140625 0.01875
1 0.66875 0.7046875 0.03125 0.09375
1 0.87578125 0.6453125 0.04375 0.0421875
1 0.8890625 0.6953125 0.04375 0.0421875
1 0.97734375 0.7984375 0.04375 0.0421875
2 0.92265625 0.38984375 0.053125 0.034375
1 0.83125 0.146875 0.0265625 0.03125
1 0.75 0.00234375 0.015625 0.0046875
1 0.6703125 0.10234375 0.03125 0.0203125
1 0.40234375 0.02109375 0.025 0.015625
1 0.36328125 0.0171875 0.025 0.015625
1 0.3453125 0.0046875 0.0265625 0.0046875
1 0.35390625 0.0640625 0.025 0.015625
1 0.37421875 0.0984375 0.025 0.015625
2 0.34140625 0.1328125 0.028125 0.015625
2 0.32578125 0.14453125 0.0375 0.0125
0 0.2859375 0.18203125 0.046875 0.0296875
1 0.23828125 0.22578125 0.0390625 0.0265625
1 0.5734375 0.27890625 0.03125 0.0390625
1 0.54609375 0.23515625 0.03125 0.0390625
1 0.5359375 0.3296875 0.0328125 0.05
1 0.61484375 0.48125 0.0328125 0.05
1 0.7203125 0.525 0.0328125 0.075
2 0.7140625 0.14765625 0.0203125 0.0453125
2 0.68046875 0.1921875 0.0390625 0.046875
2 0.6984375 0.1765625 0.025 0.0265625