2 0.99375 0.575 0.0125 0.0625
1 0.2046875 0.2828125 0.0421875 0.0453125
1 0.3046875 0.78203125 0.0796875 0.078125
1 0.10390625 0.78359375 0.090625 0.0671875
1 0.09296875 0.92578125 0.0484375 0.0703125
2 0.76015625 0.78671875 0.0546875 0.0734375
1 0.2703125 0.5796875 0.0546875 0.0515625
1 0.4484375 0.71640625 0.078125 0.071875
1 0.11171875 0.47265625 0.0671875 0.0546875
1 0.3421875 0.6375 0.0421875 0.0546875
1 0.2078125 0.525 0.0375 0.0671875
2 0.5734375 0.696875 0.0578125 0.1078125
2 0.890625 0.7 0.059375 0.0890625
1 0.5984375 0.453125 0.0421875 0.0671875
1 0.1109375 0.29609375 0.025 0.0375
1 0.08515625 0.31484375 0.0421875 0.034375
1 0.02734375 0.33671875 0.025 0.034375
1 0.8859375 0.353125 0.0359375 0.0328125
1 0.0265625 0.37109375 0.0359375 0.03125
1 0.9109375 0.32890625 0.0328125 0.028125
1 0.05 0.6828125 0.046875 0.0859375
1 0.1328125 0.2921875 0.0375 0.04375
2 0.9796875 0.53203125 0.0390625 0.0484375
1 0.02265625 0.5359375 0.0453125 0.05
1 0.1765625 0.26015625 0.034375 0.0390625
1 0.03203125 0.68671875 0.0265625 0.0890625
4 0.73515625 0.4515625 0.0078125 0.0140625
4 0.69296875 0.4921875 0.0078125 0.0140625
4 0.8375 0.36015625 0.00625 0.0109375
4 0.84140625 0.35859375 0.00625 0.0109375
1 0.87265625 0.90390625 0.078125 0.075