0 0.33125 0.66015625 0.059375 0.0890625
2 0.5453125 0.58125 0.0484375 0.0875
1 0.79921875 0.93203125 0.0265625 0.0234375
4 0.23828125 0.6859375 0.0078125 0.0125
4 0.371875 0.66640625 0.009375 0.01875
4 0.21640625 0.6828125 0.009375 0.0171875
1 0.25078125 0.7140625 0.040625 0.053125
1 0.1109375 0.8890625 0.0328125 0.0328125
1 0.29140625 0.8125 0.0390625 0.03125
1 0.68671875 0.84453125 0.028125 0.05
1 0.21953125 0.75 0.0390625 0.0453125
1 0.1375 0.91328125 0.03125 0.0296875
1 0.16171875 0.9296875 0.021875 0.021875
1 0.384375 0.9078125 0.0375 0.0359375
1 0.353125 0.96796875 0.025 0.021875
1 0.65546875 0.95859375 0.028125 0.0234375
1 0.46796875 0.93359375 0.034375 0.028125
1 0.35078125 0.975 0.0234375 0.0140625
2 0.1875 0.79296875 0.05 0.0453125
2 0.22265625 0.8578125 0.0328125 0.03125
2 0.24296875 0.9109375 0.0328125 0.028125
1 0.12578125 0.8015625 0.03125 0.0234375
3 0.86328125 0.93671875 0.015625 0.0171875