1 0.53125 0.8171875 0.0671875 0.046875
1 0.10390625 0.55625 0.0234375 0.028125
1 0.49453125 0.71484375 0.04375 0.05
1 0.58515625 0.3171875 0.05625 0.0328125
1 0.47578125 0.78984375 0.05 0.05
1 0.090625 0.51875 0.025 0.025
1 0.0984375 0.84921875 0.0234375 0.025
1 0.034375 0.79296875 0.0265625 0.01875
2 0.35 0.5984375 0.0296875 0.03125
1 0.3859375 0.25625 0.0453125 0.021875
1 0.07578125 0.48046875 0.0234375 0.0265625
1 0.29453125 0.275 0.0296875 0.034375
1 0.1375 0.67890625 0.0265625 0.0296875
1 0.23671875 0.95390625 0.0453125 0.0265625
2 0.4796875 0.88125 0.0703125 0.040625
1 0.08671875 0.60546875 0.021875 0.028125
1 0.18984375 0.95234375 0.03125 0.0140625
1 0.11875 0.64609375 0.028125 0.028125
1 0.29453125 0.271875 0.0296875 0.0375
2 0.0109375 0.86484375 0.021875 0.0234375
1 0.1890625 0.95078125 0.0328125 0.0171875
1 0.1015625 0.553125 0.025 0.0296875
1 0.03359375 0.790625 0.03125 0.0234375
1 0.03671875 0.79609375 0.028125 0.021875
1 0.11875 0.67421875 0.025 0.028125
1 0.09453125 0.78203125 0.03125 0.0265625
1 0.09609375 0.63828125 0.028125 0.028125
1 0.1046875 0.853125 0.034375 0.0296875
1 0.09453125 0.63671875 0.028125 0.03125
1 0.134375 0.678125 0.0265625 0.034375
1 0.109375 0.853125 0.034375 0.028125
1 0.09765625 0.63515625 0.025 0.03125
1 0.10390625 0.85 0.03125 0.0265625
1 0.1046875 0.55703125 0.025 0.028125
1 0.10234375 0.621875 0.0203125 0.025
3 0.70234375 0.86875 0.0296875 0.0375
1 0.23671875 0.9578125 0.0421875 0.0203125
1 0.11640625 0.67109375 0.021875 0.028125
1 0.08046875 0.48046875 0.021875 0.028125
1 0.109375 0.6453125 0.0203125 0.03125
1 0.11484375 0.65 0.025 0.0296875
1 0.11796875 0.64375 0.028125 0.028125
2 0.40625 0.88984375 0.0390625 0.0359375
1 0.23828125 0.9515625 0.046875 0.03125
1 0.034375 0.7953125 0.03125 0.0234375
1 0.2953125 0.26953125 0.03125 0.0375
1 0.39296875 0.23984375 0.0359375 0.0171875
1 0.0921875 0.78125 0.034375 0.0265625
1 0.52109375 0.85703125 0.0703125 0.053125
2 0.38046875 0.89609375 0.096875 0.065625
2 0.009375 0.88203125 0.01875 0.0265625
1 0.03828125 0.79375 0.03125 0.0203125
3 0.75 0.87578125 0.0390625 0.0328125