2 0.6140625 0.5609375 0.02265625 0.025
1 0.178125 0.47109375 0.03203125 0.05390625
1 0.13828125 0.3265625 0.03515625 0.03515625
1 0.7359375 0.42578125 0.0359375 0.03984375
1 0.58515625 0.07890625 0.02734375 0.021875
1 0.6375 0.30234375 0.0375 0.034375
1 0.76640625 0.4234375 0.03359375 0.03203125
1 0.19375 0.19609375 0.0171875 0.0203125
1 0.14296875 0.2703125 0.03984375 0.03203125
1 0.60390625 0.33125 0.034375 0.03515625
1 0.14375 0.2734375 0.0390625 0.0328125
1 0.65703125 0.2765625 0.03203125 0.02578125
1 0.765625 0.425 0.0359375 0.034375
1 0.4578125 0.20546875 0.0234375 0.02421875
1 0.171875 0.228125 0.0265625 0.03125
1 0.73125 0.42421875 0.0375 0.04140625
1 0.14140625 0.27109375 0.03671875 0.03515625
1 0.61796875 0.07890625 0.025 0.01875
1 0.68984375 0.3796875 0.01953125 0.0203125
1 0.2390625 0.134375 0.01875 0.02265625
1 0.2359375 0.1328125 0.02265625 0.02421875
1 0.4703125 0.2265625 0.01875 0.021875
4 0.83125 0.70625 0.00625 0.0125
1 0.83671875 0.07265625 0.01484375 0.02265625
1 0.52734375 0.70859375 0.0546875 0.0296875
2 0.59765625 0.54375 0.05625 0.05703125
1 0.26796875 0.23828125 0.01171875 0.03125
1 0.4703125 0.23046875 0.01640625 0.0265625
1 0.459375 0.20625 0.0265625 0.025
1 0.23984375 0.18671875 0.01796875 0.0234375
1 0.2671875 0.146875 0.0109375 0.0265625
2 0.18125 0.0203125 0.025 0.0203125
1 0.23671875 0.1875 0.0203125 0.02578125
1 0.28515625 0.0453125 0.01328125 0.025
1 0.18203125 0.1953125 0.01953125 0.02109375
1 0.1859375 0.19375 0.021875 0.02109375
1 0.20546875 0.03046875 0.0171875 0.01484375
1 0.47890625 0.5265625 0.0484375 0.05234375
1 0.26875 0.14921875 0.01171875 0.028125
1 0.28359375 0.0484375 0.01171875 0.025
4 0.1984375 0.2890625 0.00703125 0.01484375
3 0.55078125 0.18984375 0.00703125 0.01640625
1 0.49921875 0.3875 0.03359375 0.02421875
2 0.50625 0.065625 0.02265625 0.02109375
1 0.103125 0.3015625 0.0390625 0.02578125
1 0.2078125 0.034375 0.021875 0.0171875
1 0.61640625 0.08046875 0.02578125 0.02109375
2 0.49453125 0.053125 0.02109375 0.0328125
1 0.83671875 0.07578125 0.01328125 0.02421875
1 0.19296875 0.19609375 0.01796875 0.02265625
4 0.29765625 0.2765625 0.009375 0.01328125
1 0.6890625 0.378125 0.01953125 0.02109375
1 0.26875 0.24140625 0.01328125 0.03671875
1 0.40234375 0.025 0.01484375 0.02265625
1 0.58203125 0.21796875 0.02109375 0.03046875
1 0.3828125 0.01015625 0.01640625 0.0203125
2 0.71640625 0.65625 0.06796875 0.08046875
2 0.75859375 0.86640625 0.0578125 0.1015625
4 0.86328125 0.87890625 0.00625 0.0125
1 0.646875 0.084375 0.0125 0.02890625