1 0.78203125 0.33359375 0.0375 0.0296875
1 0.56484375 0.41015625 0.03125 0.05625
1 0.53046875 0.96796875 0.0453125 0.0640625
1 0.459375 0.02890625 0.01875 0.0453125
1 0.4484375 0.06953125 0.0328125 0.0234375
1 0.52421875 0.06953125 0.0328125 0.0234375
1 0.10703125 0.15625 0.040625 0.0453125
3 0.16015625 0.11328125 0.01875 0.0265625
4 0.3203125 0.11640625 0.0046875 0.009375
4 0.3296875 0.11484375 0.0046875 0.009375
4 0.32734375 0.1015625 0.0046875 0.009375
4 0.33046875 0.04765625 0.0046875 0.009375
3 0.37421875 0.00546875 0.0109375 0.0109375
3 0.36640625 0.0015625 0.0109375 0.003125
2 0.5265625 0.00546875 0.03125 0.0109375
2 0.81796875 0.1734375 0.0203125 0.0328125
4 0.3609375 0.06484375 0.0046875 0.009375
4 0.64921875 0.06796875 0.0046875 0.009375