1 0.790625 0.96171875 0.034375 0.0328125
1 0.7921875 0.9609375 0.034375 0.034375
1 0.71875 0.80625 0.0421875 0.0234375
1 0.52421875 0.88671875 0.025 0.0203125
1 0.7953125 0.959375 0.0359375 0.0359375
2 0.8734375 0.92890625 0.0296875 0.028125
1 0.55 0.88515625 0.0421875 0.025
1 0.49453125 0.81484375 0.0578125 0.025
1 0.99609375 0.70390625 0.0078125 0.0171875
1 0.84765625 0.87734375 0.0203125 0.0203125
1 0.0828125 0.27265625 0.046875 0.071875
2 0.85859375 0.9484375 0.0296875 0.028125
2 0.59296875 0.45703125 0.025 0.040625
2 0.82578125 0.596875 0.03125 0.01875
1 0.134375 0.5875 0.0671875 0.0609375
1 0.19765625 0.59296875 0.075 0.0546875
1 0.99140625 0.49921875 0.0171875 0.021875
1 0.825 0.4859375 0.03125 0.034375
1 0.89375 0.8875 0.0203125 0.0203125
1 0.821875 0.52734375 0.0296875 0.0296875
1 0.34765625 0.5953125 0.075 0.0546875
1 0.35 0.671875 0.075 0.0546875
1 0.253125 0.63828125 0.075 0.0546875
1 0.3421875 0.96875 0.08125 0.04375
1 0.72421875 0.8640625 0.0421875 0.0234375
1 0.6796875 0.87578125 0.0421875 0.0234375
1 0.8265625 0.4515625 0.03125 0.0171875
1 0.996875 0.5875 0.00625 0.025
1 0.9921875 0.51015625 0.015625 0.0234375
2 0.803125 0.62734375 0.0265625 0.0203125
1 0.99453125 0.82109375 0.0109375 0.0171875
4 0.9890625 0.70078125 0.009375 0.0046875
1 0.93203125 0.84140625 0.03125 0.015625
1 0.90390625 0.8484375 0.0296875 0.025
1 0.928125 0.8890625 0.0203125 0.028125
1 0.9515625 0.86953125 0.028125 0.0125
1 0.9703125 0.859375 0.021875 0.0296875
1 0.98828125 0.86953125 0.01875 0.0171875
1 0.75859375 0.81015625 0.034375 0.01875
1 0.95078125 0.46328125 0.0203125 0.0265625