1 0.46015625 0.53359375 0.0734375 0.0390625
1 0.5578125 0.55859375 0.05625 0.046875
1 0.52578125 0.66171875 0.0453125 0.053125
1 0.9671875 0.66171875 0.028125 0.01875
2 0.1015625 0.65859375 0.10625 0.078125
4 0.209375 0.959375 0.0109375 0.00625
4 0.21015625 0.953125 0.0109375 0.00625
3 0.4921875 0.28671875 0.040625 0.028125
4 0.77265625 0.4671875 0.0109375 0.00625
4 0.8171875 0.465625 0.0125 0.0046875
4 0.84609375 0.48125 0.0125 0.0046875
4 0.82109375 0.4546875 0.0125 0.0046875
4 0.84375 0.4640625 0.0125 0.0046875
3 0.58203125 0.39453125 0.040625 0.021875
3 0.68671875 0.24375 0.03125 0.0171875
3 0.246875 0.165625 0.06875 0.0390625
1 0.30390625 0.0046875 0.0453125 0.009375
3 0.99921875 0.3296875 0.0015625 0.009375