1 0.17890625 0.6375 0.04609375 0.0734375
1 0.128125 0.2546875 0.0328125 0.03515625
1 0.17265625 0.228125 0.0265625 0.0296875
1 0.725 0.26640625 0.0296875 0.02109375
1 0.28828125 0.52109375 0.0484375 0.04296875
1 0.5640625 0.24375 0.0296875 0.02578125
1 0.2125 0.1625 0.02890625 0.025
1 0.51015625 0.2625 0.025 0.03046875
1 0.2203125 0.02421875 0.02109375 0.021875
1 0.01796875 0.0828125 0.02109375 0.02109375
1 0.59375 0.2796875 0.028125 0.02734375
1 0.4390625 0.1421875 0.025 0.01796875
1 0.0890625 0.06640625 0.01953125 0.02421875
2 0.221875 0.37109375 0.02734375 0.03671875
1 0.5765625 0.35078125 0.05390625 0.0453125
1 0.5765625 0.0328125 0.01484375 0.01875
2 0.29140625 0.0484375 0.01953125 0.01796875
1 0.0953125 0.42109375 0.02578125 0.02109375
1 0.2109375 0.1984375 0.0203125 0.02890625
3 0.0296875 0.11953125 0.015625 0.0171875
1 0.68203125 0.42890625 0.028125 0.05546875
1 0.24375 0.07890625 0.01640625 0.02265625
1 0.06796875 0.0546875 0.0171875 0.0296875
1 0.1 0.43125 0.03125 0.0265625
1 0.9796875 0.3671875 0.0265625 0.01953125
2 0.25 0.3765625 0.028125 0.02265625
1 0.97421875 0.8953125 0.02734375 0.03125
1 0.98984375 0.37734375 0.01875 0.01875
1 0.2265625 0.08125 0.02265625 0.021875
1 0.60625 0.00546875 0.01328125 0.0109375
1 0.209375 0.1828125 0.0203125 0.021875
1 0.20859375 0.7484375 0.0515625 0.0796875
2 0.2984375 0.2828125 0.01875 0.02109375
2 0.1859375 0.49765625 0.0234375 0.025
1 0.0859375 0.0265625 0.01875 0.021875
1 0.203125 0.03671875 0.01640625 0.0234375
2 0.1546875 0.4921875 0.03203125 0.03203125
2 0.29296875 0.05078125 0.021875 0.01796875
1 0.96171875 0.83984375 0.03671875 0.053125
1 0.35859375 0.00625 0.01640625 0.0125
2 0.253125 0.25546875 0.02109375 0.01953125
2 0.290625 0.2625 0.01640625 0.03125
1 0.17421875 0.0640625 0.01953125 0.0171875
1 0.17421875 0.95625 0.07890625 0.0421875
1 0.02265625 0.88125 0.0453125 0.046875