1 0.76328125 0.4546875 0.0484375 0.0328125
1 0.79765625 0.415625 0.0453125 0.028125
1 0.7890625 0.359375 0.03125 0.040625
3 0.575 0.75859375 0.0328125 0.0265625
1 0.61796875 0.88359375 0.0609375 0.03125
1 0.51953125 0.89296875 0.0921875 0.0328125
1 0.28203125 0.85 0.090625 0.0453125
1 0.42265625 0.5078125 0.0734375 0.08125
2 0.25703125 0.44921875 0.0953125 0.059375
2 0.584375 0.38203125 0.0625 0.0515625
1 0.08203125 0.98125 0.0859375 0.0375
3 0.853125 0.54921875 0.025 0.0171875
4 0.99609375 0.47890625 0.0078125 0.003125
3 0.95078125 0.64140625 0.01875 0.0109375
4 0.98671875 0.50234375 0.009375 0.0046875
4 0.96171875 0.490625 0.009375 0.0046875
4 0.58828125 0.17109375 0.009375 0.0046875
1 0.2109375 0.23125 0.040625 0.071875
2 0.41953125 0.4234375 0.065625 0.0609375
3 0.75625 0.665625 0.0265625 0.0203125
2 0.0234375 0.30703125 0.046875 0.1046875
4 0.58984375 0.1734375 0.009375 0.0046875