2 0.13203125 0.9734375 0.0859375 0.053125
1 0.77421875 0.30546875 0.0390625 0.04296875
1 0.8125 0.95390625 0.0828125 0.08125
1 0.77421875 0.6734375 0.05078125 0.053125
1 0.60546875 0.88359375 0.0734375 0.071875
1 0.91953125 0.50390625 0.06640625 0.05859375
1 0.82578125 0.56484375 0.02734375 0.07265625
1 0.7140625 0.753125 0.05 0.0828125
1 0.40390625 0.58203125 0.03203125 0.075
1 0.90546875 0.3171875 0.0421875 0.03125
2 0.478125 0.89765625 0.0421875 0.1296875
1 0.9703125 0.321875 0.01796875 0.0375
1 0.83671875 0.3015625 0.0140625 0.04375
1 0.984375 0.88203125 0.03125 0.0609375
2 0.32890625 0.97734375 0.0578125 0.04375
1 0.97890625 0.371875 0.0390625 0.03125
1 0.05 0.5140625 0.02890625 0.02421875
2 0.4828125 0.875 0.01953125 0.09140625
1 0.0796875 0.5359375 0.0328125 0.03046875
4 0.13203125 0.53359375 0.00625 0.01015625
4 0.12890625 0.534375 0.00625 0.01015625
4 0.246875 0.6203125 0.00625 0.01015625
1 0.80078125 0.26953125 0.034375 0.0390625
1 0.853125 0.3015625 0.0140625 0.04375
1 0.871875 0.3 0.0140625 0.04375