2 0.121875 0.9125 0.015625 0.028125
2 0.090625 0.56640625 0.028125 0.009375
0 0.86015625 0.5609375 0.065625 0.0375
0 0.86171875 0.55859375 0.065625 0.040625
2 0.08984375 0.7703125 0.025 0.01875
2 0.42265625 0.85546875 0.05 0.015625
2 0.08984375 0.77265625 0.025 0.0171875
2 0.275 0.465625 0.01875 0.040625
2 0.1234375 0.9125 0.0171875 0.0296875
2 0.01796875 0.715625 0.021875 0.0109375
2 0.09140625 0.77265625 0.028125 0.021875
0 0.1640625 0.284375 0.025 0.01875
2 0.08828125 0.5671875 0.028125 0.0125
0 0.16171875 0.28984375 0.025 0.0203125
2 0.0921875 0.56640625 0.03125 0.0109375
3 0.19296875 0.00546875 0.0203125 0.0109375