1 0.665625 0.37578125 0.0140625 0.04140625
1 0.56015625 0.84765625 0.075 0.06328125
1 0.6453125 0.25625 0.0140625 0.015625
1 0.2453125 0.03046875 0.01171875 0.01640625
3 0.309375 0.28984375 0.01640625 0.0125
1 0.42109375 0.18046875 0.0109375 0.0171875
1 0.0578125 0.19453125 0.01328125 0.01484375
2 0.590625 0.1640625 0.03984375 0.025
4 0.6703125 0.0375 0.0015625 0.00625
3 0.346875 0.03203125 0.00859375 0.01171875
1 0.48046875 0.84140625 0.07265625 0.06328125
2 0.7640625 0.94765625 0.0453125 0.08984375
1 0.34765625 0.0875 0.01875 0.02890625
1 0.653125 0.25703125 0.0265625 0.01796875
4 0.54296875 0.56484375 0.00390625 0.0140625
1 0.73203125 0.41015625 0.0234375 0.0265625
1 0.59140625 0.34140625 0.01328125 0.03671875
1 0.86328125 0.11484375 0.01015625 0.0234375
1 0.44453125 0.02421875 0.0234375 0.01953125
1 0.2359375 0.08046875 0.0109375 0.01640625
2 0.7 0.83671875 0.025 0.10546875
1 0.253125 0.1125 0.015625 0.02421875
1 0.375 0.12734375 0.02265625 0.03046875
1 0.4328125 0.184375 0.02265625 0.03046875
1 0.4984375 0.05859375 0.02734375 0.02734375
2 0.53984375 0.0671875 0.01953125 0.02578125
2 0.52734375 0.09765625 0.02734375 0.03125
2 0.55078125 0.02109375 0.02734375 0.03125
1 0.62734375 0.12265625 0.02734375 0.0140625
4 0.66796875 0.0375 0.0015625 0.00625
1 0.89375 0.16796875 0.01015625 0.0234375
1 0.875 0.02265625 0.01015625 0.02265625
1 0.90859375 0.35546875 0.04140625 0.04375
1 0.56328125 0.32578125 0.025 0.03671875
1 0.7484375 0.40546875 0.03203125 0.05703125
1 0.68203125 0.528125 0.05703125 0.05703125
1 0.4125 0.81640625 0.03125 0.0984375
2 0.7078125 0.97734375 0.02890625 0.0453125
3 0.36875 0.025 0.00859375 0.01171875