1 0.5109375 0.06328125 0.025 0.021875
1 0.97265625 0.321875 0.05 0.04375
1 0.3984375 0.0375 0.03125 0.028125
1 0.77421875 0.9390625 0.05625 0.0703125
1 0.4734375 0.31015625 0.03125 0.0421875
1 0.9453125 0.1171875 0.028125 0.028125
2 0.6765625 0.09296875 0.0375 0.034375
1 0.5453125 0.0578125 0.0265625 0.0234375
3 0.034375 0.4875 0.0296875 0.025
1 0.11171875 0.0875 0.0359375 0.028125
1 0.425 0.053125 0.0171875 0.0265625
3 0.99453125 0.15703125 0.0109375 0.0203125
1 0.94921875 0.08515625 0.021875 0.01875
3 0.43046875 0.02890625 0.009375 0.0140625
1 0.23125 0.2671875 0.0359375 0.0296875
2 0.1421875 0.00703125 0.028125 0.0140625
3 0.484375 0.16875 0.0125 0.015625
1 0.4765625 0.06875 0.0171875 0.0234375
4 0.25625 0.06875 0.0046875 0.009375
2 0.1703125 0.0140625 0.0375 0.028125
1 0.38359375 0.01171875 0.015625 0.0234375
1 0.36796875 0.0109375 0.0171875 0.021875
1 0.4859375 0.0171875 0.0234375 0.021875
2 0.7328125 0.08515625 0.0390625 0.0390625
2 0.60390625 0.06953125 0.0328125 0.034375
1 0.659375 0.05390625 0.01875 0.0265625
2 0.81484375 0.0921875 0.03125 0.0265625
1 0.93984375 0.10625 0.0265625 0.021875
1 0.5125 0.0375 0.0171875 0.0203125
4 0.925 0.1984375 0.00625 0.0109375
4 0.9421875 0.19609375 0.0046875 0.009375
4 0.94609375 0.19765625 0.0046875 0.009375
4 0.8484375 0.22421875 0.0046875 0.009375
4 0.846875 0.2203125 0.0046875 0.009375