1 0.85 0.58046875 0.0765625 0.075
1 0.50625 0.34921875 0.0484375 0.053125
2 0.17578125 0.40234375 0.034375 0.0203125
1 0.0671875 0.67421875 0.040625 0.025
2 0.015625 0.78828125 0.03125 0.0421875
1 0.0609375 0.4109375 0.025 0.01875
4 0.2640625 0.12890625 0.009375 0.0046875
1 0.16484375 0.0765625 0.0375 0.025
1 0.18984375 0.0453125 0.0265625 0.0171875
1 0.46875 0.29140625 0.0453125 0.05
2 0.94375 0.43984375 0.096875 0.0890625
1 0.62265625 0.52265625 0.05625 0.0609375
1 0.68515625 0.275 0.0796875 0.0703125
1 0.58515625 0.3328125 0.059375 0.059375
1 0.7984375 0.12890625 0.0875 0.08125
3 0.76015625 0.19609375 0.0484375 0.040625
1 0.01875 0.384375 0.0140625 0.015625
2 0.125 0.43515625 0.053125 0.034375
2 0.14375 0.421875 0.025 0.0234375
1 0.17421875 0.334375 0.03125 0.0375
1 0.1828125 0.29609375 0.0296875 0.034375
1 0.209375 0.26484375 0.0328125 0.01875
3 0.2921875 0.3984375 0.025 0.0140625
1 0.38203125 0.36875 0.0578125 0.040625
1 0.36484375 0.52421875 0.0390625 0.046875
1 0.33828125 0.51171875 0.05625 0.0515625
2 0.28125 0.43359375 0.05 0.0515625
1 0.3671875 0.684375 0.0609375 0.0421875
1 0.28359375 0.73515625 0.0578125 0.0375
1 0.19921875 0.7328125 0.0421875 0.0203125
0 0.071875 0.7625 0.034375 0.0453125
2 0.12421875 0.76640625 0.04375 0.0578125
1 0.246875 0.784375 0.0640625 0.04375
1 0.2453125 0.84140625 0.0390625 0.04375
1 0.290625 0.87578125 0.05625 0.05
1 0.353125 0.9328125 0.0390625 0.0515625
1 0.3359375 0.9171875 0.0359375 0.05625
1 0.3828125 0.9765625 0.046875 0.028125
1 0.4328125 0.953125 0.0734375 0.0703125
4 0.38046875 0.84921875 0.0171875 0.0078125
4 0.3953125 0.73828125 0.0140625 0.00625
1 0.17734375 0.76640625 0.0328125 0.0390625
1 0.01484375 0.52890625 0.0296875 0.0234375
1 0.03671875 0.55234375 0.03125 0.0234375
1 0.0640625 0.534375 0.03125 0.0234375
1 0.04453125 0.51484375 0.03125 0.0234375
2 0.1125 0.76171875 0.025 0.0515625