1 0.190625 0.0453125 0.01875 0.021875
1 0.64296875 0.29453125 0.01796875 0.0328125
1 0.12265625 0.10859375 0.025 0.02265625
1 0.04140625 0.3359375 0.0359375 0.03984375
1 0.284375 0.28203125 0.02890625 0.03984375
1 0.10234375 0.16484375 0.0265625 0.03046875
1 0.64140625 0.2953125 0.01796875 0.03359375
1 0.321875 0.0578125 0.02265625 0.0171875
2 0.209375 0.2109375 0.03515625 0.05234375
1 0.25859375 0.2828125 0.02578125 0.03828125
1 0.34921875 0.253125 0.0328125 0.0265625
1 0.0953125 0.1328125 0.0265625 0.02734375
1 0.1359375 0.134375 0.02734375 0.0296875
1 0.73515625 0.371875 0.01953125 0.03984375
1 0.41328125 0.025 0.02109375 0.0171875
1 0.29609375 0.24921875 0.03203125 0.025
1 0.3453125 0.04609375 0.01953125 0.01640625
1 0.190625 0.04765625 0.01875 0.02421875
1 0.4390625 0.0109375 0.01796875 0.01796875
1 0.134375 0.134375 0.02734375 0.03203125
2 0.41171875 0.1890625 0.02109375 0.01875
1 0.37109375 0.021875 0.02109375 0.01875
1 0.09453125 0.134375 0.03203125 0.025
1 0.7203125 0.9609375 0.0640625 0.0734375
1 0.671875 0.18046875 0.01328125 0.02578125
2 0.23515625 0.2609375 0.0203125 0.0359375
1 0.6875 0.16171875 0.01484375 0.01953125
1 0.3703125 0.0265625 0.02109375 0.01875
1 0.1890625 0.04609375 0.02109375 0.0234375
1 0.09609375 0.1359375 0.02578125 0.0296875
1 0.346875 0.0265625 0.01953125 0.0171875
1 0.68828125 0.16015625 0.0140625 0.02265625
2 0.1625 0.42421875 0.028125 0.028125
1 0.0921875 0.134375 0.03046875 0.0296875
1 0.6890625 0.16328125 0.0125 0.025
1 0.10390625 0.16796875 0.02734375 0.03203125
1 0.64453125 0.12421875 0.0171875 0.0171875
1 0.259375 0.28359375 0.0265625 0.04140625
1 0.009375 0.3765625 0.01875 0.0328125
1 0.67265625 0.18515625 0.01328125 0.0234375
1 0.68671875 0.15859375 0.0140625 0.02421875
1 0.10078125 0.1234375 0.0203125 0.0203125
1 0.63984375 0.29765625 0.01875 0.028125
1 0.31875 0.059375 0.0203125 0.015625
1 0.240625 0.03203125 0.01171875 0.0203125
1 0.64765625 0.12578125 0.01796875 0.01953125
1 0.6515625 0.12890625 0.01640625 0.01953125
1 0.34296875 0.040625 0.02109375 0.0125
1 0.225 0.00546875 0.015625 0.0109375
2 0.1640625 0.4265625 0.028125 0.028125
1 0.01015625 0.3734375 0.01953125 0.034375
1 0.0078125 0.08125 0.015625 0.01875
1 0.346875 0.04453125 0.02109375 0.0171875
2 0.23515625 0.26796875 0.01953125 0.0453125
1 0.02265625 0.51015625 0.0359375 0.034375
1 0.12109375 0.10625 0.02265625 0.0234375
1 0.3453125 0.04921875 0.02109375 0.01796875
1 0.2921875 0.26171875 0.03359375 0.01953125
1 0.67109375 0.178125 0.0140625 0.02421875
1 0.640625 0.29453125 0.0203125 0.034375
1 0.22421875 0.00546875 0.015625 0.0109375
1 0.1 0.16171875 0.02890625 0.0265625
1 0.371875 0.021875 0.021875 0.01953125
1 0.13203125 0.134375 0.03046875 0.03125
3 0.2734375 0.3703125 0.021875 0.0171875
1 0.1890625 0.04765625 0.021875 0.02578125
1 0.10625 0.16640625 0.0296875 0.03359375
1 0.01953125 0.54453125 0.0359375 0.034375
4 0.07421875 0.5515625 0.009375 0.0140625
4 0.209375 0.5046875 0.00703125 0.0140625