1 0.265625 0.35859375 0.03125 0.04296875
1 0.009375 0.415625 0.01796875 0.034375
1 0.2796875 0.31875 0.03359375 0.03125
1 0.3390625 0.32578125 0.03515625 0.0265625
2 0.18359375 0.2703125 0.034375 0.0578125
1 0.43984375 0.03671875 0.0203125 0.01953125
1 0.65859375 0.3640625 0.01953125 0.03984375
1 0.0625 0.18359375 0.03125 0.034375
1 0.071875 0.21875 0.03203125 0.0359375
1 0.09921875 0.15078125 0.028125 0.02578125
1 0.778125 0.50546875 0.01953125 0.05234375
1 0.31484375 0.09296875 0.02109375 0.01640625
2 0.21328125 0.33515625 0.021875 0.0421875
1 0.2375 0.359375 0.02890625 0.0453125
1 0.41015625 0.05234375 0.02109375 0.01640625
1 0.1703125 0.0828125 0.01953125 0.02578125
1 0.20625 0.02578125 0.0140625 0.021875
1 0.70546875 0.2171875 0.01484375 0.028125
1 0.33671875 0.07578125 0.0203125 0.0203125
2 0.12421875 0.52578125 0.03671875 0.04609375
1 0.109375 0.18515625 0.02734375 0.0359375
2 0.40703125 0.2390625 0.0234375 0.01875
2 0.21171875 0.28828125 0.06484375 0.04609375
1 0.3140625 0.07890625 0.02109375 0.01640625
1 0.33984375 0.06015625 0.02109375 0.01640625
1 0.36015625 0.05703125 0.02109375 0.01640625
1 0.46640625 0.02421875 0.02109375 0.01640625
1 0.22578125 0.0625 0.01953125 0.02578125
3 0.25390625 0.49453125 0.0234375 0.025
3 0.25390625 0.4671875 0.0234375 0.01796875
1 0.6890625 0.22890625 0.01484375 0.028125
1 0.6671875 0.16171875 0.0265625 0.0203125