1 0.8328125 0.62421875 0.0828125 0.0640625
2 0.475 0.85 0.053125 0.0390625
2 0.1859375 0.45390625 0.028125 0.040625
2 0.12109375 0.471875 0.0375 0.04375
2 0.07734375 0.459375 0.0359375 0.0390625
4 0.08984375 0.4171875 0.009375 0.0046875
3 0.2390625 0.2171875 0.0328125 0.01875
3 0.265625 0.15703125 0.0265625 0.015625
4 0.321875 0.1453125 0.0140625 0.0078125
4 0.39296875 0.1578125 0.0140625 0.0078125
3 0.2265625 0.20859375 0.0203125 0.0125
4 0.53515625 0.07890625 0.0171875 0.0109375
4 0.5375 0.071875 0.0140625 0.0078125
4 0.540625 0.05 0.0140625 0.0078125
4 0.47734375 0.08984375 0.0140625 0.0078125
4 0.4625 0.075 0.0140625 0.0078125
4 0.46015625 0.05859375 0.0140625 0.0078125
1 0.05859375 0.0671875 0.01875 0.009375
1 0.01796875 0.515625 0.015625 0.0171875
1 0.01015625 0.471875 0.0203125 0.025
1 0.00859375 0.54609375 0.0140625 0.0109375
1 0.0796875 0.57734375 0.0234375 0.0296875
1 0.121875 0.56015625 0.0234375 0.0296875
1 0.0390625 0.6453125 0.015625 0.0234375
1 0.02734375 0.66796875 0.015625 0.0234375
1 0.03203125 0.703125 0.015625 0.01875
1 0.05 0.79296875 0.01875 0.021875
1 0.05078125 0.8203125 0.015625 0.021875
1 0.2609375 0.34609375 0.0640625 0.025
1 0.33828125 0.32578125 0.046875 0.053125
1 0.33046875 0.43359375 0.034375 0.0484375