1 0.43359375 0.14375 0.02578125 0.02265625
1 0.0859375 0.2265625 0.02890625 0.0359375
1 0.3984375 0.16328125 0.02734375 0.02265625
1 0.134375 0.053125 0.021875 0.02265625
1 0.27578125 0.221875 0.02890625 0.02265625
1 0.46953125 0.1234375 0.025 0.025
1 0.0796875 0.01171875 0.02890625 0.02109375
1 0.340625 0.15546875 0.0265625 0.0203125
1 0.7234375 0.32421875 0.03359375 0.0265625
1 0.1578125 0.2015625 0.01875 0.0296875
1 0.140625 0.13125 0.0171875 0.02734375
1 0.30859375 0.17265625 0.02265625 0.02109375
1 0.75625 0.4296875 0.015625 0.0578125
2 0.0609375 0.121875 0.02265625 0.02421875
1 0.30390625 0.1953125 0.02421875 0.02265625
1 0.73515625 0.67578125 0.0234375 0.065625
2 0.3921875 0.43984375 0.02578125 0.01953125
1 0.13984375 0.134375 0.015625 0.02734375
1 0.08671875 0.22734375 0.0296875 0.03984375
1 0.33515625 0.1734375 0.025 0.0203125
2 0.07421875 0.55390625 0.0578125 0.09609375
1 0.28828125 0.66171875 0.04453125 0.03828125
1 0.17890625 0.72265625 0.04765625 0.07265625
1 0.1375 0.1328125 0.01640625 0.02734375
1 0.15859375 0.2 0.01953125 0.03359375
1 0.3375 0.1703125 0.02578125 0.02109375
1 0.078125 0.0109375 0.0296875 0.021875
1 0.33828125 0.1609375 0.028125 0.01875
1 0.09609375 0.078125 0.02421875 0.02265625
1 0.2796875 0.19765625 0.0234375 0.01953125
1 0.0046875 0.38828125 0.009375 0.0265625
1 0.00546875 0.39296875 0.0109375 0.0296875
1 0.10390625 0.07890625 0.0234375 0.021875
1 0.33125 0.17265625 0.02265625 0.02109375
1 0.77421875 0.45234375 0.01328125 0.03203125
1 0.27734375 0.2015625 0.0265625 0.02109375
1 0.02578125 0.034375 0.021875 0.021875
2 0.10234375 0.671875 0.0421875 0.08125
1 0.28671875 0.19453125 0.028125 0.02421875
1 0.3078125 0.18828125 0.02421875 0.01640625
1 0.3078125 0.17421875 0.02265625 0.0234375
1 0.43203125 0.14453125 0.02578125 0.025
1 0.29921875 0.1953125 0.0234375 0.021875
1 0.30859375 0.1703125 0.02578125 0.02578125
1 0.14375 0.1265625 0.01796875 0.02734375
1 0.203125 0.6484375 0.05390625 0.059375
1 0.0265625 0.0328125 0.02421875 0.0203125
1 0.728125 0.32734375 0.034375 0.02421875
1 0.31171875 0.1734375 0.025 0.02109375
1 0.30546875 0.196875 0.025 0.0234375
1 0.73671875 0.67578125 0.02578125 0.065625
1 0.7765625 0.459375 0.0140625 0.03203125
1 0.434375 0.1421875 0.02578125 0.02421875
1 0.28671875 0.659375 0.04765625 0.040625
1 0.77578125 0.453125 0.0140625 0.03515625
4 0.20625 0.33515625 0.0046875 0.0125
1 0.27734375 0.21796875 0.02890625 0.01953125
1 0.34375 0.15625 0.028125 0.0203125
1 0.1609375 0.20078125 0.021875 0.0328125
1 0.73515625 0.31953125 0.01953125 0.02109375
3 0.14453125 0.95859375 0.03984375 0.03046875
1 0.1375 0.0609375 0.01875 0.0203125
2 0.37890625 0.4375 0.02734375 0.02265625
1 0.27890625 0.19921875 0.02578125 0.01953125
1 0.08203125 0.0109375 0.02890625 0.02109375
2 0.0953125 0.59375 0.04609375 0.075