1 0.51328125 0.25234375 0.02734375 0.04375
1 0.54765625 0.21640625 0.0234375 0.04140625
1 0.60234375 0.22109375 0.0375 0.028125
3 0.2390625 0.4578125 0.02265625 0.03046875
1 0.11640625 0.42734375 0.02578125 0.05703125
1 0.115625 0.52265625 0.02421875 0.08671875
1 0.1765625 0.7453125 0.03515625 0.08359375
1 0.49140625 0.5828125 0.07109375 0.06484375
2 0.56171875 0.7359375 0.04921875 0.0859375
2 0.5984375 0.4171875 0.0453125 0.05625
1 0.05546875 0.9546875 0.0515625 0.08984375
3 0.41640625 0.175 0.015625 0.021875
4 0.47109375 0.03125 0.003125 0.009375
3 0.31953125 0.0890625 0.009375 0.01875
4 0.44921875 0.04375 0.003125 0.009375
4 0.4625 0.06640625 0.003125 0.009375
4 0.8 0.396875 0.003125 0.009375
1 0.7734375 0.7625 0.065625 0.03359375
2 0.57265625 0.57890625 0.05390625 0.05859375
3 0.3125 0.27734375 0.0171875 0.0234375
2 0.7171875 0.9640625 0.0953125 0.07109375
1 0.0109375 0.78515625 0.021875 0.08203125
4 0.796875 0.3953125 0.003125 0.009375