1 0.26796875 0.303125 0.03359375 0.02421875
1 0.4625 0.40859375 0.02265625 0.0515625
1 0.41015625 0.95859375 0.0328125 0.0828125
1 0.62109375 0.06171875 0.0125 0.04296875
1 0.625 0.10234375 0.02890625 0.01796875
1 0.553125 0.090625 0.02890625 0.01796875
1 0.9375 0.2359375 0.0328125 0.0390625
3 0.89296875 0.18671875 0.01484375 0.02265625
1 0.95546875 0.02109375 0.021875 0.01484375
4 0.73984375 0.16640625 0.003125 0.01015625
4 0.73046875 0.1625 0.003125 0.01015625
4 0.73515625 0.15078125 0.003125 0.01015625
4 0.74140625 0.09921875 0.003125 0.01015625
3 0.70625 0.0484375 0.00703125 0.01875
3 0.7140625 0.0453125 0.0078125 0.01015625
2 0.56015625 0.0234375 0.02890625 0.01796875
2 0.25703125 0.1453125 0.01484375 0.03046875
4 0.709375 0.11015625 0.003125 0.01015625
4 0.434375 0.0703125 0.003125 0.01015625