1 0.328125 0.63828125 0.015625 0.04375
1 0.45625 0.15 0.0796875 0.06875
1 0.3453125 0.7640625 0.015625 0.015625
3 0.696875 0.740625 0.0171875 0.0125
1 0.57578125 0.8515625 0.0125 0.01875
1 0.95546875 0.84921875 0.0140625 0.015625
2 0.39921875 0.86171875 0.0421875 0.028125
4 0.31171875 0.990625 0.0015625 0.00625
1 0.5375 0.159375 0.0765625 0.06875
2 0.246875 0.04296875 0.05 0.0859375
1 0.64921875 0.95 0.0203125 0.0296875
1 0.33671875 0.7625 0.028125 0.0203125
4 0.4625 0.4453125 0.003125 0.015625
1 0.26015625 0.59921875 0.0265625 0.0296875
1 0.4046875 0.67734375 0.015625 0.0375
1 0.11328125 0.903125 0.0125 0.025
1 0.76640625 0.96171875 0.0109375 0.0171875
2 0.309375 0.15625 0.028125 0.1109375
1 0.7484375 0.92734375 0.0171875 0.025
1 0.621875 0.90859375 0.025 0.0328125
1 0.56484375 0.84609375 0.025 0.0328125
1 0.49140625 0.975 0.0296875 0.0296875
2 0.4484375 0.96484375 0.021875 0.0265625
2 0.4625 0.93359375 0.0296875 0.034375
1 0.359375 0.903125 0.028125 0.0171875
4 0.3140625 0.990625 0.0015625 0.00625
1 0.0828125 0.846875 0.0125 0.025
1 0.075 0.65078125 0.0453125 0.046875
1 0.4328125 0.69453125 0.0265625 0.0390625
1 0.24375 0.6046875 0.0359375 0.0609375
1 0.31640625 0.47890625 0.0609375 0.0609375
1 0.60859375 0.1890625 0.034375 0.1046875
2 0.30625 0.0171875 0.03125 0.034375