3 0.33828125 0.99375 0.0140625 0.0125
1 0.96875 0.31796875 0.021875 0.0453125
2 0.871875 0.78671875 0.025 0.0234375
2 0.6484375 0.3203125 0.0359375 0.0875
1 0.4078125 0.38359375 0.034375 0.078125
4 0.00390625 0.2640625 0.0078125 0.015625
1 0.31953125 0.55234375 0.0296875 0.021875
1 0.52890625 0.33125 0.06875 0.05625
1 0.696875 0.8875 0.03125 0.0234375
2 0.65234375 0.89140625 0.025 0.021875
3 0.3484375 0.80859375 0.0171875 0.015625
1 0.515625 0.86171875 0.025 0.025
1 0.5296875 0.33359375 0.0671875 0.0578125
2 0.68359375 0.2234375 0.0296875 0.05
1 0.90234375 0.66484375 0.0421875 0.0390625
1 0.46171875 0.3515625 0.0671875 0.0625
2 0.66484375 0.21328125 0.040625 0.096875
2 0.72109375 0.15859375 0.053125 0.1171875
1 0.93828125 0.81640625 0.0171875 0.028125
1 0.92109375 0.84453125 0.0140625 0.0234375
1 0.94609375 0.9234375 0.0109375 0.0125
1 0.4703125 0.91953125 0.03125 0.0375
1 0.44921875 0.95546875 0.0234375 0.0328125
1 0.58828125 0.97265625 0.0328125 0.0359375
2 0.625 0.95546875 0.025 0.021875
2 0.6125 0.934375 0.028125 0.0453125
2 0.659375 0.86328125 0.0390625 0.028125
1 0.7015625 0.77421875 0.0328125 0.025
1 0.63515625 0.72890625 0.028125 0.04375
1 0.5921875 0.71953125 0.0375 0.0453125
1 0.690625 0.6734375 0.01875 0.0421875
2 0.6828125 0.55234375 0.0546875 0.0375
1 0.75703125 0.63046875 0.04375 0.0375
1 0.765625 0.63828125 0.040625 0.059375