1 0.7609375 0.3125 0.04140625 0.03515625
1 0.87421875 0.31328125 0.03671875 0.028125
2 0.48671875 0.26171875 0.03515625 0.04296875
1 0.5734375 0.2703125 0.03203125 0.025
1 0.35078125 0.32890625 0.03515625 0.0484375
1 0.9703125 0.759375 0.0484375 0.046875
3 0.7140625 0.303125 0.01640625 0.021875
2 0.3046875 0.27578125 0.021875 0.03984375
1 0.7671875 0.26640625 0.03125 0.02734375
1 0.60625 0.2640625 0.021875 0.02265625
1 0.759375 0.07109375 0.0265625 0.0203125
1 0.74765625 0.13984375 0.03828125 0.0296875
1 0.6734375 0.22734375 0.01875 0.03671875
1 0.78359375 0.23125 0.025 0.0265625
1 0.6140625 0.23046875 0.0140625 0.02421875
1 0.04375 0.2015625 0.0390625 0.03046875
3 0.98125 0.3671875 0.02578125 0.0203125
1 0.0296875 0.26796875 0.03046875 0.0296875
1 0.80390625 0.09453125 0.0296875 0.02109375
3 0.50234375 0.60546875 0.025 0.03125
1 0.80078125 0.0703125 0.01171875 0.0203125
1 0.8 0.23359375 0.028125 0.0265625
1 0.66953125 0.06484375 0.02734375 0.02265625
1 0.42890625 0.19453125 0.01875 0.0328125
1 0.790625 0.22578125 0.03203125 0.0375
1 0.71484375 0.06015625 0.00859375 0.02578125
1 0.7265625 0.0640625 0.00859375 0.02578125
1 0.73828125 0.0640625 0.00859375 0.02578125
1 0.6484375 0.20078125 0.025 0.0265625
2 0.38671875 0.2796875 0.03046875 0.05625
4 0.26875 0.16328125 0.00234375 0.0078125
4 0.26640625 0.16484375 0.00234375 0.00859375
4 0.3640625 0.19375 0.00234375 0.00859375
4 0.36796875 0.19453125 0.00234375 0.00859375
1 0.040625 0.234375 0.03046875 0.0296875
1 0.96796875 0.76328125 0.0484375 0.046875
1 0.87109375 0.08046875 0.0109375 0.02734375
0 0.96796875 0.0578125 0.01328125 0.0203125