1 0.85234375 0.33046875 0.0546875 0.08125
1 0.934375 0.7359375 0.0375 0.0390625
1 0.8890625 0.76796875 0.0296875 0.034375
1 0.2953125 0.76875 0.0328125 0.0234375
1 0.74375 0.46328125 0.0546875 0.05
1 0.46875 0.78125 0.0328125 0.0296875
1 0.8515625 0.84140625 0.0328125 0.0296875
1 0.52578125 0.75625 0.028125 0.034375
1 0.43515625 0.74453125 0.0328125 0.03125
1 0.6109375 0.8796875 0.028125 0.0203125
1 0.9890625 0.93515625 0.021875 0.0265625
2 0.82578125 0.61875 0.0328125 0.040625
1 0.44765625 0.6671875 0.0609375 0.053125
1 0.471875 0.99765625 0.015625 0.0046875
2 0.77578125 0.96953125 0.0234375 0.0203125
1 0.95703125 0.55546875 0.0296875 0.0234375
1 0.85078125 0.803125 0.0234375 0.0328125
1 0.3296875 0.59140625 0.0359375 0.0609375
1 0.825 0.93203125 0.01875 0.0265625
1 0.9515625 0.5453125 0.0359375 0.0296875
1 0.02109375 0.67890625 0.0203125 0.021875
2 0.7953125 0.61484375 0.03125 0.0265625
1 0.8421875 0.9296875 0.025 0.025
1 0.85390625 0.81875 0.0234375 0.025
1 0.81171875 0.2140625 0.0625 0.0875
2 0.75078125 0.71875 0.021875 0.0234375
2 0.8546875 0.48046875 0.0265625 0.028125
1 0.871875 0.96875 0.01875 0.0140625
2 0.8890625 0.484375 0.0359375 0.0359375
2 0.7734375 0.96640625 0.025 0.0203125
1 0.01015625 0.171875 0.0203125 0.059375
2 0.80078125 0.7453125 0.0234375 0.0234375
2 0.7609375 0.7390625 0.0203125 0.0359375
1 0.9 0.94375 0.0234375 0.0203125
1 0.8328125 0.0078125 0.0875 0.015625