0 0.696875 0.409375 0.08125 0.0546875
2 0.55 0.565625 0.0828125 0.0421875
1 0.759375 0.91328125 0.01875 0.025
4 0.75234375 0.3390625 0.0125 0.00625
4 0.68671875 0.446875 0.0171875 0.009375
4 0.7578125 0.31953125 0.015625 0.0078125
1 0.77265625 0.359375 0.0484375 0.0359375
1 0.975 0.303125 0.0328125 0.03125
1 0.84296875 0.43125 0.03125 0.0375
1 0.72578125 0.784375 0.046875 0.025
1 0.81484375 0.3453125 0.0421875 0.034375
1 0.9859375 0.3359375 0.028125 0.0296875
1 0.98984375 0.36328125 0.0203125 0.0203125
1 0.890625 0.54609375 0.0328125 0.0328125
1 0.9546875 0.54140625 0.01875 0.021875
1 0.83515625 0.79921875 0.021875 0.025
1 0.8828125 0.62734375 0.025 0.03125
1 0.96328125 0.54296875 0.01875 0.021875
1 0.98359375 0.54765625 0.01875 0.021875
2 0.86328125 0.33515625 0.0421875 0.046875
2 0.90703125 0.38828125 0.0296875 0.03125
2 0.94609375 0.42578125 0.0265625 0.028125
1 0.89375 0.28515625 0.0234375 0.0296875
3 0.73984375 0.96953125 0.015625 0.015625