1 0.6765625 0.2484375 0.0515625 0.1
2 0.05625 0.3203125 0.021875 0.0375
1 0.73046875 0.5484375 0.0609375 0.0421875
2 0.60234375 0.68828125 0.059375 0.0484375
2 0.48828125 0.76640625 0.0515625 0.0375
1 0.4421875 0.83046875 0.0453125 0.0390625
3 0.38359375 0.3671875 0.03125 0.025
1 0.8140625 0.3 0.0421875 0.0890625
3 0.26171875 0.83203125 0.0203125 0.0140625
1 0.13046875 0.7015625 0.021875 0.0359375
1 0.10703125 0.7859375 0.0203125 0.0296875
1 0.4859375 0.99375 0.03125 0.0125
1 0.81953125 0.27421875 0.0265625 0.03125
2 0.49453125 0.82578125 0.0328125 0.0421875
2 0.4953125 0.9 0.0328125 0.0421875
1 0.6296875 0.76796875 0.04375 0.0328125
1 0.453125 0.98125 0.0140625 0.0265625
1 0.4234375 0.97265625 0.01875 0.0328125
1 0.34296875 0.8453125 0.0421875 0.0375
1 0.2546875 0.73203125 0.0375 0.0515625
1 0.215625 0.7796875 0.034375 0.0484375
1 0.32890625 0.6546875 0.034375 0.0484375
1 0.17578125 0.653125 0.0296875 0.040625
3 0.2734375 0.884375 0.0140625 0.021875
1 0.6078125 0.465625 0.0484375 0.0890625
1 0.89453125 0.90546875 0.0171875 0.0265625