1 0.46953125 0.6609375 0.034375 0.0875
1 0.465625 0.45390625 0.021875 0.05859375
1 0.43515625 0.20234375 0.03046875 0.03046875
1 0.25 0.18984375 0.02890625 0.02265625
2 0.29375 0.06328125 0.015625 0.02265625
1 0.55078125 0.01875 0.02578125 0.01875
1 0.6109375 0.025 0.0234375 0.015625
1 0.6078125 0.00625 0.0125 0.01171875
4 0.6796875 0.0234375 0.00234375 0.00859375
4 0.68515625 0.0265625 0.00234375 0.00859375
4 0.690625 0.05703125 0.00234375 0.00859375
4 0.7109375 0.01953125 0.00234375 0.00859375
4 0.71171875 0.04453125 0.00234375 0.00859375
3 0.8234375 0.0671875 0.00703125 0.0140625
1 0.84765625 0.09765625 0.01875 0.034375
1 0.9296875 0.19140625 0.0265625 0.040625