3 0.64921875 0.96875 0.0375 0.0265625
4 0.346875 0.5640625 0.009375 0.0046875
4 0.36796875 0.55546875 0.009375 0.0046875
4 0.3546875 0.57890625 0.009375 0.00625
4 0.33359375 0.5515625 0.009375 0.0046875
4 0.3171875 0.528125 0.009375 0.0046875
4 0.31171875 0.54140625 0.0125 0.00625
4 0.303125 0.5015625 0.0109375 0.00625
4 0.2984375 0.52890625 0.009375 0.0046875
4 0.21875 0.4484375 0.009375 0.0046875
4 0.228125 0.490625 0.009375 0.0046875
4 0.2296875 0.46953125 0.009375 0.0046875
4 0.21953125 0.43671875 0.009375 0.0046875
3 0.57734375 0.91796875 0.0359375 0.0421875