1 0.2625 0.24296875 0.046875 0.0515625
1 0.12734375 0.9140625 0.096875 0.0875
1 0.2078125 0.63046875 0.0609375 0.0625
1 0.3546875 0.87578125 0.0875 0.084375
1 0.08046875 0.4296875 0.078125 0.071875
1 0.16953125 0.5078125 0.0390625 0.08125
1 0.25859375 0.72265625 0.0640625 0.09375
1 0.61015625 0.58828125 0.0453125 0.084375
1 0.12265625 0.23671875 0.05 0.0390625
2 0.4859375 0.909375 0.0625 0.1421875
1 0.05390625 0.23203125 0.025 0.0421875
1 0.196875 0.2296875 0.021875 0.0484375
2 0.63203125 0.99375 0.0640625 0.0125
1 0.0421875 0.28359375 0.0375 0.0375
1 0.9859375 0.56796875 0.021875 0.028125
2 0.48359375 0.884375 0.034375 0.0984375
1 0.95703125 0.5875 0.0390625 0.0375
4 0.90234375 0.578125 0.0078125 0.0109375
4 0.90625 0.57890625 0.0078125 0.0109375
4 0.76953125 0.6515625 0.0078125 0.0109375
1 0.23984375 0.2015625 0.04375 0.046875
1 0.18046875 0.228125 0.021875 0.0484375
1 0.1609375 0.2234375 0.021875 0.0484375