1 0.95 0.2984375 0.0265625 0.0296875
2 0.6296875 0.39609375 0.01796875 0.05234375
1 0.7875 0.14296875 0.01875 0.0265625
1 0.965625 0.221875 0.01640625 0.03515625
1 0.809375 0.0453125 0.01015625 0.0171875
2 0.4296875 0.7546875 0.0703125 0.034375
1 0.98671875 0.25625 0.0265625 0.025
2 0.5296875 0.00703125 0.0140625 0.0140625
1 0.5640625 0.12578125 0.0234375 0.025
2 0.671875 0.44609375 0.0265625 0.02890625
2 0.62578125 0.25 0.02890625 0.02109375
1 0.515625 0.16953125 0.03125 0.01875
1 0.99296875 0.3109375 0.0140625 0.03515625
3 0.28046875 0.12890625 0.0109375 0.009375
1 0.784375 0.22421875 0.01015625 0.03671875
1 0.92734375 0.64453125 0.02578125 0.084375
1 0.99140625 0.31875 0.01640625 0.01640625
1 0.628125 0.1734375 0.01484375 0.0296875
1 0.48828125 0.39140625 0.0375 0.04375
1 0.54453125 0.40078125 0.03984375 0.0359375
1 0.4453125 0.38359375 0.01796875 0.04375
2 0.70234375 0.4796875 0.02109375 0.06171875
1 0.628125 0.10625 0.028125 0.02109375
1 0.48359375 0.0890625 0.0234375 0.025
1 0.4328125 0.04609375 0.0234375 0.0296875
1 0.4046875 0.01796875 0.01875 0.02421875
4 0.1578125 0.525 0.0046875 0.009375
4 0.33671875 0.49609375 0.0046875 0.009375
1 0.91875 0.5625 0.025 0.06328125
1 0.99140625 0.64140625 0.0171875 0.07734375
1 0.9421875 0.38515625 0.04453125 0.02890625
1 0.90078125 0.13984375 0.01875 0.03515625
1 0.95234375 0.18984375 0.0375 0.01953125
1 0.94765625 0.18125 0.0375 0.01953125
1 0.96015625 0.16328125 0.02578125 0.02265625
1 0.93359375 0.25078125 0.01640625 0.0421875
1 0.821875 0.03671875 0.01015625 0.0171875