1 0.71796875 0.8640625 0.0984375 0.0640625
1 0.6578125 0.4765625 0.0734375 0.0703125
1 0.47421875 0.49375 0.05625 0.059375
1 0.3796875 0.36875 0.053125 0.0546875
1 0.4484375 0.2546875 0.0375 0.028125
1 0.46328125 0.14453125 0.0515625 0.0640625
3 0.4375 0.23125 0.015625 0.0171875
1 0.3296875 0.3703125 0.0390625 0.0484375
1 0.28671875 0.34375 0.0390625 0.0453125
1 0.303125 0.50859375 0.059375 0.0296875
1 0.24140625 0.43984375 0.0515625 0.034375
3 0.19453125 0.48828125 0.0234375 0.0140625
1 0.06484375 0.4765625 0.025 0.03125
1 0.0578125 0.4390625 0.0265625 0.03125
1 0.06171875 0.40390625 0.0296875 0.0171875
2 0.05625 0.5828125 0.046875 0.03125
2 0.0671875 0.5640625 0.025 0.025
2 0.0875 0.5359375 0.0328125 0.01875
1 0.0359375 0.7171875 0.009375 0.0203125
1 0.040625 0.69296875 0.028125 0.021875
1 0.08984375 0.81953125 0.034375 0.021875
1 0.09296875 0.90703125 0.03125 0.0359375
2 0.08828125 0.94140625 0.028125 0.034375
2 0.17421875 0.87578125 0.0296875 0.0515625
2 0.15859375 0.87734375 0.025 0.046875
1 0.21953125 0.8171875 0.040625 0.0234375
1 0.21015625 0.8578125 0.03125 0.0390625
1 0.29296875 0.8984375 0.028125 0.0375
1 0.34296875 0.9109375 0.0453125 0.040625
1 0.40703125 0.93671875 0.0390625 0.053125
1 0.3875 0.928125 0.0296875 0.0484375
1 0.45234375 0.97578125 0.0484375 0.0484375
1 0.4765625 0.92421875 0.0671875 0.0625
1 0.903125 0.3703125 0.06875 0.084375
1 0.6765625 0.3265625 0.0890625 0.0828125
1 0.8078125 0.140625 0.090625 0.0859375
1 0.33671875 0.71640625 0.0546875 0.04375
1 0.28046875 0.57890625 0.040625 0.04375
1 0.25390625 0.57890625 0.05 0.0515625
2 0.18125 0.52578125 0.04375 0.0453125
4 0.37578125 0.7546875 0.01875 0.009375
4 0.07109375 0.25390625 0.009375 0.0046875