0 0.68203125 0.3765625 0.09375 0.125
2 0.4 0.26328125 0.09375 0.1984375
1 0.9265625 0.4328125 0.0578125 0.046875
4 0.6296875 0.40625 0.0125 0.01875
1 0.79296875 0.53515625 0.04375 0.065625
1 0.8 0.41640625 0.0609375 0.0453125
1 0.83125 0.60390625 0.0390625 0.0546875
1 0.74296875 0.68671875 0.0484375 0.04375
2 0.8609375 0.68046875 0.05625 0.046875
2 0.81484375 0.77265625 0.0375 0.0390625
2 0.7890625 0.85 0.0421875 0.034375
2 0.9 0.72890625 0.0390625 0.046875
1 0.93046875 0.7078125 0.0390625 0.040625
1 0.93984375 0.83671875 0.0359375 0.0359375
1 0.90390625 0.8625 0.03125 0.03125
1 0.8765625 0.88828125 0.0234375 0.0359375
1 0.87734375 0.9140625 0.0390625 0.040625
1 0.578125 0.83359375 0.04375 0.034375
1 0.6234375 0.90703125 0.028125 0.025
1 0.6 0.92578125 0.0296875 0.025
1 0.4671875 0.83828125 0.0359375 0.0359375
1 0.34921875 0.89609375 0.028125 0.025
1 0.209375 0.62734375 0.0359375 0.059375
1 0.140625 0.85 0.0328125 0.0234375
3 0.7625 0.559375 0.0265625 0.0375