1 0.79765625 0.10703125 0.034375 0.0328125
2 0.63046875 0.396875 0.05625 0.0296875
1 0.9125 0.3 0.0296875 0.025
1 0.87578125 0.10859375 0.0375 0.0234375
2 0.2359375 0.5109375 0.05 0.0765625
1 0.846875 0.08046875 0.0296875 0.03125
2 0.98671875 0.58203125 0.0171875 0.0171875
1 0.87890625 0.521875 0.0296875 0.028125
2 0.59140625 0.34453125 0.0328125 0.0328125
2 0.771875 0.43359375 0.028125 0.0328125
1 0.82578125 0.559375 0.025 0.034375
1 0.7953125 0.0625 0.0359375 0.021875
3 0.8125 0.79765625 0.0109375 0.0125
1 0.8328125 0.28515625 0.0390625 0.0171875
1 0.45546875 0.05078125 0.0875 0.04375
1 0.7875 0.06171875 0.01875 0.01875
1 0.846875 0.4484375 0.0328125 0.021875
1 0.603125 0.5359375 0.0515625 0.046875
1 0.60703125 0.47890625 0.04375 0.0484375
1 0.60078125 0.5796875 0.046875 0.028125
2 0.565625 0.30703125 0.065625 0.0359375
1 0.9125 0.4640625 0.028125 0.0328125
1 0.896875 0.60859375 0.0296875 0.028125
1 0.92734375 0.6671875 0.034375 0.0296875
1 0.9484375 0.7015625 0.028125 0.0234375
4 0.3984375 0.828125 0.0109375 0.00625
4 0.4671875 0.66015625 0.0109375 0.00625
1 0.53359375 0.078125 0.0671875 0.0390625
1 0.71171875 0.0953125 0.0375 0.0484375
1 0.94140625 0.190625 0.0375 0.0265625
1 0.90390625 0.12890625 0.0265625 0.040625
1 0.9109375 0.13515625 0.0265625 0.040625
1 0.93125 0.12734375 0.0265625 0.0296875
1 0.840625 0.13359375 0.0453125 0.025