1 0.053125 0.440625 0.0234375 0.028125
1 0.35234375 0.0140625 0.0484375 0.028125
1 0.01796875 0.55234375 0.0296875 0.0328125
1 0.95390625 0.2546875 0.0734375 0.0625
1 0.29765625 0.50078125 0.04375 0.034375
1 0.1453125 0.01328125 0.03125 0.0265625
2 0.09765625 0.278125 0.0375 0.0390625
1 0.05078125 0.40625 0.0265625 0.028125
3 0.43671875 0.95625 0.0265625 0.03125
1 0.0421875 0.84296875 0.03125 0.0390625
1 0.0359375 0.5265625 0.028125 0.01875
1 0.11796875 0.0078125 0.0109375 0.015625
3 0.01171875 0.51875 0.0140625 0.0125
1 0.2328125 0.73984375 0.0328125 0.0375
3 0.15703125 0.4765625 0.0171875 0.015625
1 0.05625 0.47578125 0.0265625 0.0203125
4 0.03671875 0.696875 0.009375 0.0046875
1 0.0078125 0.4609375 0.015625 0.025
2 0.0953125 0.221875 0.0421875 0.0421875
2 0.06796875 0.34921875 0.0359375 0.034375
1 0.05625 0.2921875 0.0265625 0.021875
2 0.10859375 0.140625 0.028125 0.0328125
1 0.134375 0.015625 0.0234375 0.028125
1 0.02734375 0.4375 0.0234375 0.01875
4 0.225 0.03828125 0.0125 0.0078125
4 0.22421875 0.02109375 0.009375 0.0046875
4 0.22578125 0.01796875 0.009375 0.0046875
4 0.24453125 0.11796875 0.009375 0.0046875
4 0.2390625 0.11875 0.009375 0.0046875