1 0.8953125 0.1125 0.025 0.021875
1 0.72734375 0.603125 0.0359375 0.0234375
1 0.821875 0.05625 0.0265625 0.028125
1 0.58125 0.01796875 0.046875 0.0359375
1 0.67734375 0.246875 0.0453125 0.0359375
1 0.76171875 0.04609375 0.0359375 0.03125
1 0.72734375 0.6015625 0.0375 0.025
1 0.90625 0.24453125 0.0203125 0.025
2 0.73515625 0.159375 0.0578125 0.04375
1 0.671875 0.22109375 0.0421875 0.0328125
1 0.7171875 0.30546875 0.03125 0.0375
1 0.7921875 0.0328125 0.0328125 0.03125
1 0.79765625 0.0734375 0.034375 0.0328125
1 0.6671875 0.70859375 0.04375 0.0265625
1 0.9546875 0.3296875 0.021875 0.025
1 0.71171875 0.25234375 0.0296875 0.034375
1 0.921875 0.26640625 0.01875 0.021875
1 0.89296875 0.11328125 0.028125 0.0234375
1 0.97265625 0.3515625 0.0203125 0.021875
1 0.79765625 0.07265625 0.0359375 0.0328125
2 0.7921875 0.35625 0.021875 0.025
1 0.95 0.28671875 0.021875 0.025
1 0.790625 0.0328125 0.0296875 0.034375
1 0.08203125 0.79609375 0.0828125 0.0765625
1 0.8453125 0.61171875 0.0265625 0.0171875
2 0.68984375 0.19375 0.0390625 0.0265625
1 0.8671875 0.625 0.021875 0.01875
1 0.9453125 0.28671875 0.021875 0.025
1 0.89453125 0.1109375 0.0265625 0.025
1 0.78984375 0.034375 0.0328125 0.0296875
1 0.94140625 0.26328125 0.0203125 0.021875
1 0.86875 0.62421875 0.025 0.01875
2 0.515625 0.15078125 0.0328125 0.0328125
1 0.790625 0.03046875 0.034375 0.0359375
1 0.865625 0.62578125 0.0265625 0.0171875
1 0.75859375 0.04765625 0.0359375 0.0328125
1 0.89765625 0.57578125 0.0203125 0.021875
1 0.671875 0.221875 0.0453125 0.0328125
1 0.84140625 0.6140625 0.025 0.015625
1 0.8703125 0.6234375 0.0265625 0.01875
1 0.80234375 0.0375 0.0234375 0.0234375
1 0.72421875 0.60078125 0.03125 0.0234375
1 0.90390625 0.24140625 0.01875 0.025
1 0.9171875 0.159375 0.021875 0.015625
1 0.8953125 0.57890625 0.021875 0.021875
1 0.89296875 0.5828125 0.021875 0.01875
1 0.92578125 0.2625 0.015625 0.0234375
1 0.93984375 0.13984375 0.0125 0.0171875
2 0.5140625 0.15234375 0.0328125 0.0328125
1 0.92421875 0.2671875 0.021875 0.025
2 0.6828125 0.19453125 0.0484375 0.0265625
1 0.40546875 0.02734375 0.040625 0.040625
1 0.82265625 0.0546875 0.0265625 0.0265625
1 0.91875 0.265625 0.021875 0.025
1 0.69921875 0.25078125 0.025 0.0375
1 0.846875 0.6109375 0.0265625 0.0203125
1 0.72734375 0.60078125 0.0375 0.0265625
1 0.9390625 0.13828125 0.0125 0.0171875
1 0.7640625 0.0421875 0.03125 0.0328125
1 0.95078125 0.28828125 0.021875 0.025
1 0.796875 0.0703125 0.0359375 0.0359375
3 0.58828125 0.25078125 0.0203125 0.025
1 0.89296875 0.11171875 0.028125 0.0265625
1 0.7609375 0.05 0.0390625 0.0359375
1 0.371875 0.03125 0.0390625 0.0375
4 0.37421875 0.0859375 0.015625 0.0109375
4 0.44453125 0.21171875 0.015625 0.009375