1 0.30859375 0.803125 0.0359375 0.034375
1 0.2078125 0.8125 0.046875 0.046875
1 0.3140625 0.853125 0.0390625 0.0390625
1 0.08828125 0.77109375 0.0453125 0.0375
1 0.2359375 0.965625 0.034375 0.03125
1 0.29140625 0.890625 0.0265625 0.03125
1 0.23046875 0.90703125 0.0296875 0.034375
1 0.28125 0.91640625 0.0296875 0.03125
1 0.35546875 0.8375 0.0359375 0.0328125
1 0.10546875 0.80703125 0.03125 0.034375
1 0.31484375 0.8703125 0.0375 0.0359375
2 0.2421875 0.99453125 0.025 0.0109375
1 0.04921875 0.9046875 0.009375 0.028125
1 0.0734375 0.8609375 0.040625 0.0375
4 0.1015625 0.17109375 0.0078125 0.0125