1 0.553125 0.43828125 0.065625 0.0734375
3 0.18203125 0.49765625 0.028125 0.034375
4 0.42578125 0.66484375 0.0046875 0.0125
3 0.24921875 0.9296875 0.0109375 0.0171875
4 0.375 0.71640625 0.0046875 0.009375
1 0.55 0.3 0.046875 0.0921875
1 0.68359375 0.40703125 0.0671875 0.05
1 0.59375 0.94140625 0.01875 0.0328125
3 0.37421875 0.4234375 0.03125 0.05
3 0.2859375 0.3328125 0.03125 0.05
3 0.19140625 0.05078125 0.05625 0.0859375
4 0.4015625 0.7046875 0.0046875 0.0109375
4 0.42890625 0.76015625 0.0046875 0.0109375
4 0.41015625 0.7546875 0.0046875 0.0109375