2 0.53359375 0.259375 0.02109375 0.04375
1 0.44921875 0.0359375 0.02421875 0.02109375
1 0.50703125 0.028125 0.02578125 0.01953125
1 0.8078125 0.09765625 0.025 0.01640625
1 0.378125 0.08203125 0.025 0.01796875
1 0.31796875 0.1171875 0.0203125 0.02421875
2 0.33515625 0.046875 0.0203125 0.01875
1 0.24609375 0.01171875 0.01953125 0.01953125
1 0.24375 0.07734375 0.01796875 0.01953125
0 0.3921875 0.17265625 0.0265625 0.04296875
2 0.30703125 0.08671875 0.01953125 0.01875
1 0.67890625 0.0953125 0.01640625 0.02265625
1 0.728125 0.0578125 0.0171875 0.01484375
2 0.35703125 0.009375 0.0203125 0.01875