1 0.46796875 0.58359375 0.02265625 0.0703125
1 0.28125 0.38203125 0.03828125 0.02890625
1 0.6375 0.15234375 0.03515625 0.02421875
1 0.6328125 0.10859375 0.01328125 0.04296875
3 0.72578125 0.09453125 0.0078125 0.0234375
3 0.7328125 0.08984375 0.01171875 0.0125
4 0.73203125 0.1703125 0.00390625 0.009375
4 0.76328125 0.1515625 0.00390625 0.009375
4 0.76875 0.2375 0.00390625 0.009375
1 0.496875 0.0171875 0.0234375 0.01796875
2 0.56484375 0.06328125 0.03203125 0.021875
2 0.5671875 0.01796875 0.02578125 0.03125