4 0.42578125 0.01796875 0.0171875 0.009375
4 0.315625 0.059375 0.0203125 0.0125
4 0.28671875 0.04453125 0.0203125 0.0125
4 0.5015625 0.015625 0.0171875 0.009375
3 0.55703125 0.06171875 0.04375 0.025
3 0.5703125 0.046875 0.0203125 0.015625
3 0.4953125 0.0078125 0.034375 0.015625
1 0.49453125 0.225 0.0578125 0.0640625
1 0.5984375 0.2171875 0.08125 0.0375
1 0.95859375 0.28828125 0.0140625 0.0234375
1 0.99140625 0.4203125 0.0109375 0.025
1 0.93203125 0.39140625 0.0265625 0.03125
2 0.59140625 0.86953125 0.08125 0.053125
2 0.74375 0.3015625 0.0375 0.046875
2 0.82890625 0.2921875 0.04375 0.0515625
2 0.871875 0.26484375 0.0375 0.034375
2 0.903125 0.178125 0.0296875 0.0328125