1 0.39375 0.17890625 0.08125 0.0828125
1 0.653125 0.52265625 0.05625 0.0515625
2 0.61640625 0.86875 0.021875 0.0375
1 0.33984375 0.98828125 0.0265625 0.0234375
1 0.6109375 0.98203125 0.0171875 0.0125
4 0.8953125 0.7625 0.0046875 0.009375
1 0.9546875 0.86171875 0.0265625 0.040625
1 0.9859375 0.834375 0.01875 0.028125
1 0.71484375 0.559375 0.0515625 0.0484375
2 0.53515625 0.07421875 0.0953125 0.103125
1 0.46640625 0.4109375 0.0671875 0.0625
1 0.72109375 0.3328125 0.075 0.084375
1 0.66640625 0.440625 0.0625 0.0640625
1 0.86640625 0.20859375 0.0890625 0.09375
3 0.79765625 0.25078125 0.04375 0.0515625
2 0.584375 0.9234375 0.0375 0.05625
2 0.5984375 0.903125 0.0265625 0.028125
1 0.68671875 0.86640625 0.0390625 0.0328125
1 0.72578125 0.85625 0.0375 0.0328125
1 0.75703125 0.8265625 0.0203125 0.0359375
3 0.6140625 0.74765625 0.0171875 0.0265625
1 0.63984375 0.653125 0.04375 0.0609375
1 0.4796875 0.67890625 0.05 0.040625
1 0.49453125 0.70625 0.0578125 0.059375
2 0.578125 0.7609375 0.053125 0.053125
1 0.31328125 0.6859375 0.046875 0.065625
1 0.26484375 0.775 0.0421875 0.0609375
1 0.271875 0.86328125 0.0234375 0.04375
0 0.24765625 0.98828125 0.0484375 0.0234375
2 0.240625 0.9421875 0.059375 0.046875
1 0.215625 0.815625 0.0484375 0.06875
1 0.15703125 0.82109375 0.046875 0.0421875
1 0.11875 0.775 0.0546875 0.0625
1 0.059375 0.7125 0.05 0.04375
1 0.0734375 0.73046875 0.0578125 0.040625
1 0.0390625 0.63203125 0.0578125 0.075
4 0.140625 0.68046875 0.009375 0.01875
4 0.25546875 0.659375 0.0078125 0.015625
1 0.23828125 0.88671875 0.0421875 0.0359375
1 0.484375 0.9875 0.025 0.025
1 0.5046875 0.996875 0.021875 0.00625
2 0.246875 0.95390625 0.05625 0.0296875