1 0.31171875 0.16875 0.021875 0.025
1 0.39609375 0.05390625 0.01875 0.03125
1 0.6328125 0.103125 0.025 0.028125
1 0.3328125 0.11953125 0.025 0.021875
1 0.75703125 0.12109375 0.025 0.025
1 0.49375 0.15703125 0.0328125 0.0234375
1 0.6828125 0.15625 0.025 0.0296875
1 0.76171875 0.084375 0.03125 0.028125
2 0.3125 0.29375 0.0484375 0.0640625
1 0.7390625 0.06015625 0.021875 0.0234375
1 0.7578125 0.090625 0.03125 0.0234375
2 0.3203125 0.39453125 0.0640625 0.0515625
1 0.6609375 0.009375 0.0125 0.01875
1 0.4890625 0.2359375 0.034375 0.0296875
1 0.48828125 0.05234375 0.01875 0.028125
1 0.3125 0.16796875 0.025 0.0265625
1 0.7640625 0.08203125 0.0296875 0.028125
1 0.4875 0.23984375 0.0375 0.034375
1 0.75703125 0.0890625 0.028125 0.028125
1 0.3140625 0.16796875 0.025 0.028125
1 0.6609375 0.00859375 0.015625 0.0171875
1 0.24765625 0.203125 0.01875 0.021875
1 0.721875 0.0375 0.0171875 0.021875
1 0.45078125 0.0796875 0.0125 0.028125
1 0.33203125 0.115625 0.025 0.01875
1 0.45 0.3375 0.040625 0.034375
1 0.24453125 0.203125 0.021875 0.025
1 0.4890625 0.05703125 0.01875 0.025
1 0.7359375 0.0578125 0.021875 0.0234375
1 0.684375 0.0296875 0.01875 0.0359375
1 0.5875 0.06171875 0.01875 0.028125
4 0.23203125 0.3328125 0.003125 0.0125
1 0.3953125 0.05 0.015625 0.0328125
1 0.3328125 0.10234375 0.025 0.021875
1 0.465625 0.33515625 0.0125 0.0359375
1 0.728125 0.0375 0.021875 0.021875
1 0.14765625 0.00859375 0.0125 0.0046875
1 0.75625 0.11875 0.028125 0.0265625
1 0.33203125 0.12109375 0.025 0.0234375
2 0.3046875 0.55859375 0.05 0.0578125
4 0.590625 0.66953125 0.009375 0.01875
3 0.36484375 0.140625 0.01875 0.0171875
1 0.75859375 0.0875 0.0296875 0.0265625
1 0.1078125 0.89140625 0.0421875 0.165625
1 0.23203125 0.2109375 0.025 0.0203125
1 0.48671875 0.05078125 0.0203125 0.025
1 0.49921875 0.05078125 0.025 0.028125
1 0.40234375 0.11875 0.0203125 0.025
1 0.45 0.08203125 0.0125 0.0296875
1 0.49375 0.05 0.025 0.0265625
1 0.334375 0.10390625 0.025 0.0234375
1 0.128125 0.01171875 0.0125 0.0109375
1 0.128125 0.009375 0.0109375 0.00625
1 0.09765625 0.89140625 0.05 0.165625
1 0.8 0.109375 0.0265625 0.0203125
4 0.5453125 0.85546875 0.00625 0.015625
4 0.53671875 0.85234375 0.00625 0.015625
2 0.409375 0.2546875 0.025 0.034375
2 0.384375 0.26328125 0.01875 0.028125
1 0.690625 0.0015625 0.021875 0.003125
2 0.95703125 0.834375 0.053125 0.1234375
2 0.4390625 0.02578125 0.015625 0.015625