1 0.12578125 0.3390625 0.05 0.0890625
1 0.5 0.34453125 0.059375 0.0625
1 0.5078125 0.51953125 0.05 0.046875
1 0.63828125 0.59140625 0.0453125 0.0453125
1 0.7375 0.5125 0.021875 0.0328125
1 0.83984375 0.48359375 0.05625 0.040625
3 0.7609375 0.51953125 0.015625 0.0140625
1 0.64375 0.6390625 0.04375 0.03125
1 0.67421875 0.6765625 0.040625 0.0296875
1 0.5171875 0.6828125 0.021875 0.0546875
1 0.590625 0.73125 0.028125 0.0484375
3 0.55078125 0.7828125 0.0109375 0.021875
1 0.57890625 0.903125 0.028125 0.0203125
1 0.61484375 0.9046875 0.0296875 0.021875
1 0.64765625 0.896875 0.0140625 0.028125
1 0.846875 0.9375 0.0125 0.025
2 0.47890625 0.925 0.0234375 0.04375
2 0.4953125 0.9125 0.021875 0.0234375
2 0.5203125 0.88984375 0.0140625 0.028125
1 0.35546875 0.97265625 0.0203125 0.0296875
1 0.371875 0.98828125 0.015625 0.0125
1 0.39140625 0.97734375 0.0171875 0.0265625
1 0.378125 0.95546875 0.0171875 0.0265625
1 0.496875 0.99140625 0.015625 0.0171875
1 0.2515625 0.925 0.0171875 0.0296875
1 0.16875 0.934375 0.0296875 0.0265625
2 0.1375 0.9421875 0.0296875 0.0234375
2 0.1875 0.853125 0.0484375 0.021875
2 0.18828125 0.86796875 0.0421875 0.0171875
1 0.23671875 0.80234375 0.0171875 0.0375
1 0.2 0.81640625 0.034375 0.025
1 0.15078125 0.74375 0.0328125 0.0234375
1 0.13203125 0.69921875 0.0328125 0.0390625
1 0.1 0.640625 0.046875 0.0296875
1 0.11015625 0.65859375 0.0453125 0.021875
1 0.05390625 0.6046875 0.0453125 0.0421875
1 0.1015625 0.5734375 0.053125 0.0578125
1 0.56875 0.0984375 0.075 0.0546875
1 0.6390625 0.30625 0.06875 0.078125
1 0.79609375 0.1578125 0.071875 0.078125
1 0.3171875 0.67890625 0.0359375 0.0484375
1 0.45390625 0.71328125 0.0375 0.0328125
1 0.45703125 0.73828125 0.0421875 0.0421875
2 0.51640625 0.8 0.0390625 0.0359375
4 0.275 0.64609375 0.0078125 0.015625
4 0.7875 0.86796875 0.003125 0.009375
4 0.8296875 0.94140625 0.003125 0.009375