2 0.86484375 0.89453125 0.04375 0.12265625
2 0.15078125 0.86015625 0.028125 0.03203125
1 0.5515625 0.0796875 0.02421875 0.0171875
1 0.903125 0.22734375 0.01953125 0.02578125
4 0.1953125 0.4203125 0.009375 0.01015625
1 0.86640625 0.50546875 0.02265625 0.0359375
1 0.98203125 0.846875 0.0265625 0.01640625
1 0.6171875 0.1296875 0.01328125 0.01796875
1 0.86171875 0.43984375 0.0265625 0.05390625
2 0.61484375 0.18984375 0.025 0.02109375
2 0.39453125 0.44296875 0.01171875 0.02265625
2 0.6203125 0.31796875 0.0171875 0.0203125
1 0.9609375 0.24609375 0.0359375 0.02734375
3 0.2765625 0.090625 0.0109375 0.00703125
1 0.75546875 0.0953125 0.02578125 0.0171875
1 0.496875 0.06015625 0.02109375 0.01484375
2 0.61796875 0.3046875 0.01484375 0.04453125
1 0.74453125 0.115625 0.0140625 0.0171875
1 0.9265625 0.17265625 0.01640625 0.0171875
1 0.86796875 0.49609375 0.025 0.05859375
2 0.6515625 0.346875 0.028125 0.025
1 0.725 0.21484375 0.01640625 0.028125
2 0.440625 0.60078125 0.05859375 0.03203125
2 0.64609375 0.35625 0.02578125 0.03515625
2 0.68359375 0.3671875 0.03203125 0.04921875
2 0.6296875 0.1890625 0.025 0.02109375
1 0.4890625 0.30625 0.040625 0.0234375
1 0.54296875 0.309375 0.03828125 0.028125
1 0.503125 0.121875 0.0296875 0.01875
1 0.45234375 0.29140625 0.01640625 0.04140625
1 0.45078125 0.02421875 0.0203125 0.0234375
2 0.575 0.015625 0.02890625 0.025
1 0.6203125 0.06796875 0.02421875 0.0171875
1 0.79296875 0.02265625 0.009375 0.0171875
1 0.8734375 0.096875 0.015625 0.03359375
1 0.91484375 0.1421875 0.028125 0.01953125
1 0.91328125 0.13203125 0.03203125 0.015625
1 0.92890625 0.1171875 0.015625 0.01875
1 0.91796875 0.3046875 0.0375 0.021875
1 0.93515625 0.49375 0.02265625 0.06640625
1 0.95234375 0.2 0.03671875 0.0265625
1 0.8640625 0.43671875 0.021875 0.046875
1 0.953125 0.575 0.02265625 0.06640625