0 0.54921875 0.35390625 0.0921875 0.059375
1 0.7015625 0.76328125 0.05625 0.0296875
1 0.95 0.03359375 0.0203125 0.0265625
1 0.96484375 0.03515625 0.009375 0.03125
2 0.44453125 0.571875 0.1078125 0.0421875
1 0.87734375 0.70859375 0.0203125 0.0265625
2 0.8234375 0.2765625 0.0296875 0.0359375
2 0.759375 0.23125 0.0375 0.0421875
1 0.70078125 0.25625 0.0515625 0.034375
1 0.759375 0.33671875 0.0390625 0.040625
1 0.8546875 0.46328125 0.0359375 0.0359375
1 0.8625 0.55703125 0.0328125 0.0359375
1 0.82421875 0.86875 0.0234375 0.0296875
1 0.92109375 0.4390625 0.0265625 0.028125
1 0.93046875 0.44609375 0.025 0.0296875
1 0.96015625 0.42109375 0.0234375 0.0234375
1 0.88203125 0.171875 0.0296875 0.03125
1 0.90234375 0.20390625 0.028125 0.0296875
1 0.91796875 0.2296875 0.0296875 0.021875
1 0.940625 0.23046875 0.0265625 0.034375
1 0.95546875 0.0109375 0.0203125 0.021875
1 0.65078125 0.28203125 0.0515625 0.03125
3 0.66171875 0.30859375 0.0328125 0.0171875
4 0.5609375 0.40234375 0.021875 0.0078125
1 0.7765625 0.17265625 0.0265625 0.0265625
1 0.58359375 0.16171875 0.03125 0.0453125