1 0.63828125 0.19140625 0.0203125 0.02421875
1 0.5578125 0.08515625 0.0171875 0.03046875
1 0.33828125 0.1359375 0.02421875 0.02578125
1 0.61796875 0.14609375 0.02265625 0.0203125
1 0.22265625 0.1546875 0.02421875 0.02421875
1 0.46796875 0.18359375 0.03046875 0.021875
1 0.2921875 0.1859375 0.0234375 0.02734375
1 0.21796875 0.1203125 0.028125 0.02578125
2 0.63984375 0.30859375 0.04296875 0.0578125
1 0.23828125 0.096875 0.01953125 0.021875
1 0.221875 0.12578125 0.028125 0.021875
2 0.634375 0.4015625 0.0578125 0.046875
1 0.309375 0.04609375 0.01171875 0.02421875
1 0.47421875 0.25703125 0.0328125 0.028125
1 0.471875 0.0859375 0.01875 0.0265625
1 0.6375 0.190625 0.02265625 0.025
1 0.215625 0.11796875 0.028125 0.02578125
1 0.47578125 0.26015625 0.034375 0.03203125
1 0.221875 0.12421875 0.02578125 0.025
1 0.63671875 0.190625 0.0234375 0.02578125
1 0.31015625 0.0453125 0.015625 0.021875
1 0.6984375 0.221875 0.01875 0.0203125
1 0.25390625 0.07578125 0.01640625 0.01953125
1 0.5078125 0.11015625 0.0125 0.02578125
1 0.61796875 0.14140625 0.02421875 0.01875
1 0.51171875 0.35078125 0.03828125 0.03203125
1 0.70078125 0.221875 0.02109375 0.02265625
1 0.47109375 0.090625 0.01796875 0.02265625
1 0.240625 0.09453125 0.01953125 0.021875
1 0.2890625 0.06796875 0.01640625 0.03359375
1 0.37890625 0.0953125 0.01796875 0.02734375
4 0.715625 0.34296875 0.00234375 0.0109375
1 0.55859375 0.08203125 0.015625 0.03046875
1 0.6171875 0.1296875 0.02265625 0.01953125
1 0.496875 0.3484375 0.01171875 0.03359375
1 0.24765625 0.07578125 0.01953125 0.0203125
1 0.7890625 0.03203125 0.0125 0.01796875
1 0.2234375 0.1515625 0.0265625 0.025
1 0.61796875 0.146875 0.0234375 0.021875
2 0.65078125 0.5546875 0.0453125 0.053125
4 0.38671875 0.6625 0.00859375 0.01640625
3 0.5890625 0.165625 0.0171875 0.01640625
1 0.2203125 0.12265625 0.028125 0.025
1 0.840625 0.86171875 0.03671875 0.15546875
1 0.7125 0.22890625 0.02265625 0.01875
1 0.4734375 0.084375 0.01875 0.02421875
1 0.46171875 0.084375 0.0234375 0.02578125
1 0.78671875 0.03125 0.0125 0.01796875
1 0.55234375 0.14609375 0.01875 0.02265625
1 0.50859375 0.1125 0.01171875 0.028125
1 0.39375 0.00859375 0.0171875 0.0171875
1 0.46640625 0.08359375 0.02421875 0.025
1 0.61640625 0.13125 0.0234375 0.021875
1 0.80703125 0.03828125 0.0109375 0.0171875
1 0.8078125 0.034375 0.0109375 0.0171875
1 0.39375 0.0125 0.01796875 0.01953125
1 0.85 0.86171875 0.04453125 0.153125
1 0.18203125 0.14375 0.02421875 0.01953125
4 0.43203125 0.8359375 0.00546875 0.01484375
4 0.43984375 0.8328125 0.00546875 0.01484375
2 0.54921875 0.27265625 0.02421875 0.03203125
2 0.57265625 0.2796875 0.01796875 0.02578125
1 0.2828125 0.03515625 0.02109375 0.01640625
2 0.0484375 0.82265625 0.04765625 0.1140625
2 0.5171875 0.06015625 0.01484375 0.015625
1 0.6171875 0.00546875 0.01015625 0.0109375
1 0.56328125 0.00390625 0.0234375 0.0078125