1 0.01171875 0.66015625 0.0234375 0.0328125
2 0.34609375 0.58828125 0.0234375 0.0546875
1 0.1609375 0.83515625 0.021875 0.0296875
1 0.13046875 0.9328125 0.0125 0.01875
2 0.584375 0.23828125 0.075 0.040625
2 0.41484375 0.9921875 0.0140625 0.0046875
1 0.3890625 0.871875 0.0265625 0.0265625
2 0.30703125 0.53359375 0.03125 0.03125
2 0.3375 0.7390625 0.03125 0.025
1 0.44296875 0.83125 0.0328125 0.021875
3 0.68125 0.89453125 0.0109375 0.0109375
1 0.171875 0.7515625 0.0125 0.0375
1 0.0625 0.30625 0.034375 0.0890625
1 0.328125 0.8171875 0.01875 0.0328125
1 0.49140625 0.60625 0.0421875 0.0484375
1 0.43359375 0.59140625 0.04375 0.040625
1 0.53515625 0.6171875 0.021875 0.046875
2 0.27890625 0.49609375 0.028125 0.065625
1 0.321875 0.8859375 0.0296875 0.025
1 0.46875 0.9171875 0.0265625 0.0265625
1 0.5171875 0.965625 0.028125 0.0328125
1 0.54453125 0.9921875 0.0203125 0.015625
4 0.84296875 0.4984375 0.00625 0.009375
4 0.65625 0.51171875 0.00625 0.009375
1 0.0640625 0.3921875 0.03125 0.0671875
1 0.02421875 0.57109375 0.0484375 0.0359375
1 0.04453125 0.82734375 0.021875 0.0390625
1 0.0078125 0.77109375 0.015625 0.0234375
1 0.01015625 0.78046875 0.0203125 0.0234375
1 0.02109375 0.7109375 0.0203125 0.0453125
1 0.11640625 0.940625 0.0125 0.01875