1 0.728125 0.95 0.0546875 0.03125
1 0.04609375 0.18359375 0.0921875 0.0703125
1 0.9203125 0.85703125 0.0265625 0.0203125
2 0.74375 0.6328125 0.0515625 0.034375
2 0.5765625 0.70390625 0.028125 0.078125
1 0.86328125 0.87109375 0.034375 0.0234375
1 0.25625 0.32734375 0.05 0.0625
1 0.55703125 0.671875 0.0640625 0.0546875
2 0.24296875 0.37265625 0.0671875 0.08125
2 0.53046875 0.7296875 0.0390625 0.0453125
2 0.5484375 0.721875 0.0453125 0.0328125
2 0.6796875 0.54765625 0.065625 0.05
1 0.66875 0.97890625 0.0546875 0.0296875
2 0.9671875 0.85 0.0546875 0.03125