1 0.0328125 0.6078125 0.05078125 0.084375
1 0.53125 0.934375 0.04609375 0.10234375
3 0.11328125 0.665625 0.028125 0.0484375
3 0.24296875 0.80859375 0.03203125 0.059375
3 0.2875 0.0703125 0.0125 0.01484375
3 0.34375 0.75078125 0.03046875 0.0625
4 0.434375 0.41015625 0.0046875 0.0125
4 0.428125 0.36640625 0.00390625 0.01171875
4 0.3890625 0.36484375 0.00546875 0.0109375
1 0.65625 0.1046875 0.01875 0.02734375
1 0.54765625 0.7390625 0.06875 0.08203125
1 0.69921875 0.80078125 0.071875 0.046875
1 0.02578125 0.00625 0.0234375 0.0125