1 0.984375 0.3359375 0.03125 0.05625
1 0.09453125 0.925 0.0734375 0.0875
1 0.91796875 0.125 0.021875 0.0265625
2 0.659375 0.275 0.0375 0.05625
2 0.70859375 0.4578125 0.08125 0.03125
1 0.9234375 0.18671875 0.025 0.0359375
1 0.2734375 0.734375 0.065625 0.0515625
1 0.67265625 0.47421875 0.0578125 0.0671875
2 0.31796875 0.75390625 0.0859375 0.0703125
2 0.72890625 0.509375 0.046875 0.040625
2 0.7234375 0.48984375 0.034375 0.046875
2 0.5625 0.3296875 0.05625 0.0703125
1 0.9953125 0.403125 0.009375 0.05625
2 0.91640625 0.075 0.0328125 0.0578125