0 0.3484375 0.60703125 0.07109375 0.10546875
2 0.58984375 0.7515625 0.059375 0.17578125
1 0.82109375 0.0046875 0.0328125 0.009375
1 0.13203125 0.51953125 0.05 0.0359375
1 0.8515625 0.04375 0.01640625 0.0109375
1 0.88671875 0.06640625 0.02265625 0.0109375
4 0.4 0.5875 0.009375 0.015625
1 0.26953125 0.4453125 0.03125 0.05625
1 0.24609375 0.553125 0.05234375 0.034375
1 0.24453125 0.3765625 0.02890625 0.04765625
1 0.33671875 0.31328125 0.03984375 0.034375
2 0.22890625 0.303125 0.046875 0.0359375
2 0.284375 0.22421875 0.03046875 0.0328125
2 0.31875 0.1578125 0.03359375 0.0265625
2 0.2 0.25234375 0.03046875 0.0390625
1 0.16796875 0.2671875 0.03203125 0.03359375
1 0.178125 0.14765625 0.0296875 0.02890625
1 0.215625 0.1296875 0.02421875 0.02734375
1 0.24453125 0.11015625 0.01796875 0.03046875
1 0.246875 0.0859375 0.03203125 0.03359375
1 0.509375 0.203125 0.0359375 0.02734375
1 0.478125 0.1296875 0.02421875 0.02109375
1 0.503125 0.11640625 0.025 0.0203125
1 0.61171875 0.215625 0.0296875 0.0296875
1 0.728125 0.17890625 0.0234375 0.0203125
1 0.81796875 0.4453125 0.0265625 0.053125
1 0.9125 0.2515625 0.02734375 0.01640625
1 0.0375 0.06171875 0.02578125 0.021875
1 0.01484375 0.05078125 0.02734375 0.0203125
1 0.0671875 0.0171875 0.021875 0.02109375
1 0.04375 0.03671875 0.021875 0.02109375
1 0.1234375 0.009375 0.034375 0.01875
3 0.1265625 0.046875 0.0109375 0.01328125
3 0.33203125 0.0203125 0.00625 0.01171875
1 0.26171875 0.01640625 0.0328125 0.0328125
3 0.30078125 0.42734375 0.01953125 0.03125
4 0.1390625 0.05 0.00546875 0.00859375