4 0.6015625 0.084375 0.015625 0.009375
4 0.4890625 0.07734375 0.01875 0.0109375
4 0.46953125 0.05390625 0.01875 0.0109375
4 0.6703125 0.11171875 0.0171875 0.009375
4 0.44921875 0.00625 0.015625 0.009375
3 0.69921875 0.17421875 0.040625 0.0234375
3 0.71796875 0.16640625 0.0203125 0.015625
3 0.66875 0.09921875 0.034375 0.025
1 0.58125 0.29296875 0.053125 0.0609375
1 0.675 0.32734375 0.0765625 0.0328125
1 0.98671875 0.49765625 0.0265625 0.0265625
1 0.97109375 0.53125 0.028125 0.0265625
1 0.98359375 0.5703125 0.0234375 0.0171875
1 0.9984375 0.5140625 0.003125 0.025
1 0.94609375 0.66015625 0.0203125 0.028125
1 0.9 0.61015625 0.0234375 0.03125
1 0.9578125 0.71328125 0.0234375 0.0265625
1 0.94609375 0.74921875 0.028125 0.025
4 0.96015625 0.746875 0.0015625 0.003125
1 0.92734375 0.83828125 0.028125 0.025
1 0.9296875 0.8703125 0.0203125 0.028125
1 0.9390625 0.8484375 0.009375 0.0234375
2 0.41484375 0.896875 0.078125 0.05
2 0.76953125 0.45859375 0.0359375 0.0453125
2 0.8484375 0.4828125 0.0421875 0.05
2 0.896875 0.47578125 0.034375 0.0328125
2 0.9578125 0.4125 0.0265625 0.028125