3 0.36640625 0.34140625 0.025 0.02265625
3 0.42265625 0.32421875 0.0265625 0.01875
4 0.771875 0.3921875 0.00390625 0.01328125
4 0.85234375 0.378125 0.00390625 0.01328125
4 0.7984375 0.36484375 0.00390625 0.01328125
4 0.921875 0.33828125 0.00390625 0.01328125
4 0.965625 0.3546875 0.00390625 0.01328125
4 0.95078125 0.346875 0.00390625 0.01328125
4 0.81015625 0.3578125 0.00390625 0.01328125
4 0.84140625 0.35078125 0.00390625 0.01328125
4 0.82734375 0.375 0.00390625 0.01328125
4 0.7765625 0.3703125 0.00390625 0.01328125
1 0.8890625 0.02890625 0.02421875 0.01640625