2 0.0578125 0.446875 0.0375 0.03125
2 0.1515625 0.00703125 0.021875 0.0140625
4 0.59375 0.11640625 0.0125 0.009375
4 0.62421875 0.0984375 0.0125 0.009375
4 0.60390625 0.128125 0.0125 0.009375
4 0.58359375 0.14296875 0.0125 0.009375
4 0.56171875 0.16171875 0.0125 0.009375
4 0.75234375 0.08046875 0.0140625 0.0109375
4 0.7671875 0.08984375 0.0140625 0.009375
4 0.75625 0.11640625 0.0125 0.009375
4 0.77421875 0.06953125 0.0140625 0.009375
4 0.79921875 0.0953125 0.0140625 0.009375
4 0.81640625 0.06796875 0.015625 0.009375
4 0.7953125 0.06015625 0.0140625 0.00625
2 0.11015625 0.0390625 0.021875 0.0203125
1 0.05390625 0.2390625 0.0140625 0.0265625