1 0.25859375 0.88046875 0.059375 0.08984375
1 0.234375 0.37265625 0.02265625 0.0453125
1 0.5328125 0.13671875 0.0296875 0.025
1 0.71484375 0.03984375 0.01484375 0.02890625
1 0.8234375 0.25 0.03984375 0.04296875
1 0.3171875 0.29375 0.03671875 0.021875
2 0.35546875 0.2875 0.02421875 0.021875
2 0.334375 0.27265625 0.02421875 0.01171875
2 0.56171875 0.13203125 0.0375 0.04609375
2 0.5171875 0.05234375 0.021875 0.03125
1 0.72578125 0.06484375 0.01484375 0.02890625
2 0.4546875 0.10078125 0.034375 0.03984375
4 0.35078125 0.13046875 0.00390625 0.00859375
4 0.3734375 0.09765625 0.00390625 0.00859375
2 0.3609375 0.63671875 0.04609375 0.10234375