1 0.3265625 0.07421875 0.0171875 0.02109375
1 0.44140625 0.00703125 0.021875 0.0140625
1 0.84140625 0.04140625 0.01796875 0.01484375
1 0.79140625 0.06796875 0.02265625 0.015625
2 0.34140625 0.01484375 0.02109375 0.0171875
0 0.39921875 0.115625 0.021875 0.034375
1 0.728125 0.0328125 0.01796875 0.01484375
1 0.6546875 0.04765625 0.015625 0.02109375
1 0.38046875 0.04453125 0.021875 0.02109375
1 0.26015625 0.03984375 0.0203125 0.01640625
1 0.30859375 0.04140625 0.0296875 0.02578125
1 0.27109375 0.11875 0.0203125 0.01640625
2 0.528125 0.1921875 0.021875 0.04375