1 0.621875 0.3140625 0.065625 0.071875
1 0.62265625 0.7671875 0.0453125 0.040625
1 0.05625 0.34296875 0.065625 0.0609375
1 0.8171875 0.6484375 0.0578125 0.059375
1 0.20234375 0.53984375 0.0625 0.0609375
1 0.3484375 0.5265625 0.0578125 0.0515625
1 0.171875 0.63359375 0.05 0.053125
1 0.51953125 0.46015625 0.0734375 0.078125
2 0.56796875 0.49375 0.0640625 0.0546875
1 0.3203125 0.6796875 0.0453125 0.0453125
3 0.23125 0.70234375 0.01875 0.025
2 0.06328125 0.8015625 0.03125 0.0484375
4 0.66953125 0.11640625 0.009375 0.01875
1 0.00546875 0.88828125 0.0109375 0.0078125
2 0.8359375 0.43671875 0.0625 0.115625
3 0.76953125 0.73125 0.028125 0.0234375
1 0.2578125 0.6515625 0.0234375 0.0359375
1 0.42109375 0.87109375 0.028125 0.028125
3 0.23125 0.7953125 0.01875 0.0203125
1 0.0765625 0.4671875 0.0484375 0.0671875