1 0.45703125 0.3421875 0.0421875 0.090625
1 0.4703125 0.55078125 0.0265625 0.0609375
1 0.4625 0.80546875 0.034375 0.034375
1 0.278125 0.83359375 0.0296875 0.025
2 0.3328125 0.95625 0.0171875 0.0234375
1 0.59453125 0.9796875 0.0265625 0.0203125
1 0.65390625 0.9671875 0.025 0.0171875
1 0.65234375 0.984375 0.0125 0.009375
4 0.72265625 0.96328125 0.0046875 0.009375
4 0.728125 0.959375 0.0046875 0.009375
4 0.73125 0.928125 0.0046875 0.009375
4 0.7546875 0.9640625 0.0046875 0.009375
4 0.753125 0.9390625 0.0046875 0.009375
3 0.86328125 0.90625 0.0078125 0.0140625
1 0.88515625 0.87421875 0.021875 0.0359375
1 0.959375 0.77265625 0.0296875 0.04375