1 0.328125 0.79921875 0.0515625 0.07265625
2 0.1640625 0.41875 0.03046875 0.046875
2 0.59140625 0.19921875 0.03671875 0.021875
2 0.584375 0.134375 0.03828125 0.03046875
2 0.603125 0.09375 0.03515625 0.03125
4 0.6421875 0.1125 0.00390625 0.009375
3 0.8125 0.2875 0.01328125 0.03125
3 0.8671875 0.321875 0.01328125 0.02421875
4 0.86953125 0.378125 0.00546875 0.0125
4 0.846875 0.4453125 0.00546875 0.0125
3 0.8234375 0.2765625 0.01015625 0.01796875
4 0.90078125 0.59453125 0.0078125 0.01484375
4 0.9078125 0.5984375 0.00625 0.01328125
4 0.92890625 0.60390625 0.00625 0.01328125
4 0.89921875 0.53671875 0.00625 0.01328125
4 0.91640625 0.52578125 0.00625 0.01328125
4 0.93203125 0.52578125 0.00625 0.01328125
1 0.99140625 0.1359375 0.0171875 0.01875
1 0.5578125 0.028125 0.01640625 0.0140625
1 0.6015625 0.0234375 0.021875 0.02421875
1 0.584375 0.00625 0.02265625 0.01171875
1 0.5296875 0.01171875 0.00859375 0.01640625
1 0.4890625 0.07734375 0.02578125 0.01796875
1 0.49921875 0.12109375 0.02578125 0.01796875
1 0.4296875 0.028125 0.021875 0.0125
1 0.40859375 0.0125 0.021875 0.01484375
1 0.37421875 0.009375 0.0171875 0.01875
1 0.284375 0.015625 0.0203125 0.015625
1 0.25859375 0.0109375 0.0203125 0.015625
1 0.684375 0.2890625 0.015625 0.06015625
1 0.69296875 0.36640625 0.0453125 0.0390625
1 0.5890625 0.3421875 0.04453125 0.02734375