2 0.990625 0.809375 0.01875 0.03125
2 0.9359375 0.44765625 0.03125 0.0171875
0 0.1453125 0.63828125 0.0765625 0.0546875
0 0.14375 0.6375 0.078125 0.059375
2 0.98671875 0.65625 0.0265625 0.025
2 0.66953125 0.82890625 0.0546875 0.028125
2 0.98671875 0.6578125 0.0265625 0.025
2 0.721875 0.39140625 0.03125 0.0484375
2 0.9890625 0.8109375 0.021875 0.034375
2 0.98515625 0.659375 0.0296875 0.028125
0 0.78828125 0.17734375 0.03125 0.025
2 0.9390625 0.44765625 0.03125 0.01875
0 0.7921875 0.18203125 0.03125 0.028125
2 0.934375 0.446875 0.034375 0.0203125