1 0.81796875 0.2 0.02734375 0.03125
2 0.415625 0.9484375 0.08359375 0.05078125
2 0.64765625 0.3234375 0.04765625 0.03359375
1 0.9765625 0.31796875 0.021875 0.04765625
2 0.646875 0.5015625 0.0234375 0.06640625
3 0.28515625 0.16875 0.01484375 0.0109375
1 0.278125 0.03203125 0.0140625 0.02109375
1 0.9734375 0.23359375 0.028125 0.01484375
1 0.46640625 0.11796875 0.01875 0.021875
2 0.5828125 0.0796875 0.0296875 0.0265625
1 0.98515625 0.37109375 0.021875 0.0203125
1 0.57578125 0.18046875 0.021875 0.03125
1 0.63671875 0.23203125 0.01328125 0.0203125
1 0.6140625 0.05078125 0.02265625 0.0171875
1 0.8265625 0.0671875 0.0109375 0.021875
1 0.95390625 0.47578125 0.0234375 0.0203125
2 0.73125 0.61015625 0.0359375 0.07265625
2 0.6890625 0.56875 0.03671875 0.04453125
2 0.671875 0.59453125 0.01171875 0.04453125
1 0.5484375 0.50859375 0.04765625 0.04609375
1 0.48515625 0.50234375 0.04765625 0.04609375
1 0.4359375 0.4875 0.02109375 0.059375
1 0.4171875 0.06875 0.02265625 0.02890625
1 0.3875 0.0390625 0.0171875 0.025
1 0.6359375 0.146875 0.03203125 0.02109375
1 0.64140625 0.23046875 0.021875 0.03125
1 0.70078125 0.246875 0.03828125 0.01796875
1 0.709375 0.2453125 0.0234375 0.034375
1 0.9328125 0.1890625 0.015625 0.0328125
1 0.9859375 0.2453125 0.028125 0.0234375
1 0.8421875 0.0703125 0.0109375 0.021875
1 0.534375 0.021875 0.02734375 0.04375
1 0.53125 0.215625 0.03359375 0.03125