1 0.66875 0.9640625 0.0265625 0.021875
1 0.3828125 0.5484375 0.0578125 0.05625
1 0.7328125 0.28203125 0.0671875 0.059375
2 0.7640625 0.0078125 0.103125 0.015625
1 0.02109375 0.58125 0.0421875 0.140625
4 0.75078125 0.80234375 0.0140625 0.0203125
3 0.7421875 0.01953125 0.03125 0.0390625
2 0.79765625 0.47734375 0.0640625 0.0625
1 0.84375 0.840625 0.025 0.03125
2 0.86328125 0.3 0.078125 0.0625
1 0.8296875 0.8421875 0.025 0.03125
1 0.99375 0.8390625 0.0125 0.03125
1 0.8578125 0.90703125 0.0265625 0.03125
1 0.475 0.9484375 0.01875 0.0265625
1 0.446875 0.9796875 0.0125 0.0265625
1 0.453125 0.99296875 0.0125 0.0140625
1 0.6078125 0.7984375 0.0296875 0.0234375
1 0.4859375 0.6421875 0.0359375 0.0453125
1 0.42578125 0.66328125 0.0375 0.04375
1 0.41171875 0.67109375 0.0421875 0.0453125
1 0.84296875 0.10703125 0.075 0.11875
1 0.95 0.39296875 0.0421875 0.0390625
1 0.93828125 0.61796875 0.046875 0.0515625
1 0.88828125 0.6578125 0.0359375 0.040625
1 0.8515625 0.70078125 0.0296875 0.0375
1 0.85234375 0.7390625 0.0484375 0.040625
1 0.70625 0.96171875 0.0265625 0.021875
1 0.71328125 0.95 0.0265625 0.021875
1 0.72421875 0.9453125 0.0265625 0.021875
1 0.29765625 0.703125 0.0390625 0.0328125
1 0.25390625 0.41640625 0.04375 0.084375