2 0.34296875 0.7078125 0.0296875 0.0265625
1 0.79765625 0.640625 0.0296875 0.0359375
0 0.4 0.4890625 0.040625 0.0375
1 0.371875 0.5609375 0.0171875 0.0234375
1 0.240625 0.33125 0.0390625 0.028125
3 0.6203125 0.89296875 0.0140625 0.0171875
1 0.32421875 0.61953125 0.0296875 0.028125
2 0.3625 0.61171875 0.03125 0.021875
1 0.2640625 0.33359375 0.0375 0.0390625
1 0.3734375 0.93671875 0.0328125 0.01875
1 0.36171875 0.61484375 0.0328125 0.0265625
1 0.2796875 0.625 0.0140625 0.021875
3 0.5109375 0.98828125 0.0171875 0.0203125
3 0.65625 0.825 0.0203125 0.0171875
1 0.44375 0.92734375 0.01875 0.0328125
1 0.83046875 0.70625 0.0296875 0.0359375
1 0.7078125 0.73359375 0.0390625 0.053125
1 0.7296875 0.8 0.028125 0.0453125
1 0.659375 0.61875 0.0390625 0.0515625
1 0.8296875 0.81875 0.01875 0.03125
1 0.58203125 0.8 0.0390625 0.028125
1 0.47265625 0.75546875 0.046875 0.040625
2 0.440625 0.66953125 0.05625 0.046875
2 0.41875 0.74453125 0.040625 0.0375
2 0.39140625 0.828125 0.0359375 0.0421875
4 0.23515625 0.80546875 0.0046875 0.009375
4 0.23828125 0.80546875 0.0046875 0.009375
1 0.0203125 0.61875 0.0375 0.0390625
1 0.43828125 0.3078125 0.0578125 0.0828125
3 0.659375 0.2234375 0.028125 0.0265625