2 0.2 0.65 0.040625 0.0296875
1 0.71015625 0.18203125 0.084375 0.05625
1 0.12578125 0.8796875 0.0359375 0.01875
1 0.55625 0.30703125 0.0453125 0.01875
2 0.57578125 0.37421875 0.0546875 0.040625
2 0.55703125 0.34140625 0.0203125 0.0515625
2 0.38125 0.7078125 0.0375 0.0359375
2 0.346875 0.68046875 0.0234375 0.0484375
1 0.3515625 0.6453125 0.0296875 0.021875
1 0.2921875 0.9421875 0.05 0.0265625
1 0.2453125 0.925 0.0484375 0.025
1 0.075 0.87421875 0.0328125 0.015625
2 0.04375 0.87421875 0.0265625 0.0234375
4 0.25234375 0.425 0.009375 0.0046875
4 0.225 0.4421875 0.009375 0.0046875
2 0.253125 0.5625 0.05625 0.0515625