1 0.85 0.60546875 0.0265625 0.0296875
1 0.72265625 0.9484375 0.040625 0.034375
1 0.8265625 0.6375 0.0265625 0.03125
1 0.9046875 0.92109375 0.0265625 0.025
1 0.75 0.75546875 0.0265625 0.0328125
1 0.87421875 0.57109375 0.028125 0.028125
1 0.93671875 0.98203125 0.01875 0.03125
1 0.8265625 0.6984375 0.025 0.03125
1 0.70234375 0.2875 0.0328125 0.0375
1 0.75703125 0.878125 0.0328125 0.021875
1 0.8265625 0.9046875 0.0296875 0.021875
1 0.8046875 0.72890625 0.025 0.0265625
1 0.59921875 0.240625 0.0609375 0.0234375
2 0.825 0.98671875 0.028125 0.0265625
1 0.78125 0.73046875 0.0265625 0.028125
1 0.34609375 0.23125 0.0703125 0.0328125
2 0.54296875 0.61015625 0.0234375 0.028125
1 0.8234375 0.90546875 0.0296875 0.01875
1 0.721875 0.94765625 0.04375 0.0359375
1 0.8078125 0.7015625 0.025 0.028125
2 0.38671875 0.91953125 0.1046875 0.0703125
1 0.30390625 0.6875 0.04375 0.05
1 0.228125 0.79140625 0.08125 0.059375
1 0.825 0.9078125 0.0296875 0.01875
1 0.7578125 0.878125 0.0359375 0.025
1 0.8109375 0.69921875 0.025 0.0296875
1 0.9375 0.98359375 0.0171875 0.0328125
1 0.82109375 0.7 0.021875 0.0296875
1 0.87421875 0.95703125 0.0265625 0.028125
1 0.77578125 0.75390625 0.0234375 0.0265625
1 0.875 0.94921875 0.025 0.028125
1 0.8078125 0.70546875 0.025 0.0265625
1 0.57890625 0.21953125 0.034375 0.015625
1 0.771875 0.75703125 0.025 0.03125
2 0.2703125 0.8765625 0.0890625 0.053125
1 0.78046875 0.7484375 0.028125 0.03125
1 0.7890625 0.72734375 0.0203125 0.0265625
1 0.803125 0.728125 0.028125 0.0265625
1 0.84921875 0.60546875 0.028125 0.0296875
1 0.78046875 0.73515625 0.025 0.028125
1 0.80703125 0.72890625 0.0296875 0.028125
1 0.83125 0.903125 0.0296875 0.021875
1 0.30703125 0.77734375 0.0671875 0.0625
1 0.7 0.28203125 0.0296875 0.0390625
1 0.8046875 0.72578125 0.025 0.028125
1 0.7796875 0.72890625 0.028125 0.028125
1 0.346875 0.2296875 0.0703125 0.034375
1 0.571875 0.21640625 0.034375 0.01875
1 0.8515625 0.6046875 0.028125 0.0296875
1 0.30625 0.68984375 0.0484375 0.053125
1 0.578125 0.2171875 0.0375 0.01875
4 0.6265625 0.8125 0.0125 0.00625
1 0.75546875 0.7546875 0.021875 0.03125
1 0.8265625 0.69453125 0.0234375 0.0296875
1 0.75859375 0.87578125 0.0375 0.0265625
1 0.70859375 0.27578125 0.0234375 0.0234375
1 0.89765625 0.9171875 0.0234375 0.021875
2 0.54375 0.62421875 0.0265625 0.03125
1 0.77421875 0.75546875 0.0234375 0.028125
1 0.9375 0.9796875 0.0171875 0.03125
2 0.34921875 0.89296875 0.0828125 0.05625