2 0.33515625 0.79375 0.034375 0.0453125
1 0.8765625 0.315625 0.0671875 0.0921875
1 0.0890625 0.846875 0.021875 0.0390625
1 0.7296875 0.4609375 0.0234375 0.0453125
2 0.6625 0.4328125 0.046875 0.059375
2 0.69453125 0.45703125 0.053125 0.025
2 0.29453125 0.59921875 0.040625 0.0421875
2 0.31953125 0.6375 0.053125 0.028125
1 0.35546875 0.6375 0.0234375 0.0328125
1 0.04140625 0.665625 0.0328125 0.053125
1 0.05390625 0.71640625 0.03125 0.0515625
1 0.08828125 0.89921875 0.0203125 0.034375
2 0.0875 0.9234375 0.0265625 0.015625
4 0.5734375 0.7640625 0.0046875 0.009375
4 0.553125 0.790625 0.0046875 0.009375
2 0.43203125 0.7484375 0.0578125 0.0625