1 0.7125 0.10234375 0.0390625 0.034375
2 0.04765625 0.69375 0.05 0.09375
2 0.62578125 0.30859375 0.046875 0.05625
2 0.4421875 0.35078125 0.0734375 0.040625
3 0.87265625 0.64453125 0.015625 0.01875
1 0.88203125 0.4453125 0.025 0.0234375
2 0.89296875 0.3171875 0.034375 0.0375
1 0.79140625 0.34765625 0.0375 0.0296875
1 0.7234375 0.296875 0.025 0.01875
1 0.91640625 0.27734375 0.0234375 0.028125
1 0.84765625 0.0609375 0.025 0.0171875
1 0.39609375 0.028125 0.0265625 0.0296875
2 0.31015625 0.28984375 0.0828125 0.053125
2 0.36328125 0.3234375 0.0546875 0.046875
2 0.340625 0.34765625 0.0484375 0.0234375
1 0.45859375 0.453125 0.059375 0.059375
1 0.48046875 0.51796875 0.059375 0.059375
1 0.50703125 0.565625 0.065625 0.0359375
1 0.94375 0.48515625 0.0359375 0.03125
1 0.98125 0.509375 0.0296875 0.025
1 0.8109375 0.27734375 0.0296875 0.0390625
1 0.72421875 0.2921875 0.0375 0.0296875
1 0.69296875 0.234375 0.028125 0.04375
1 0.6921875 0.225 0.0421875 0.0328125
1 0.84140625 0.046875 0.025 0.0171875
1 0.96015625 0.35390625 0.0421875 0.0359375
1 0.76484375 0.4015625 0.040625 0.0421875