1 0.68515625 0.4734375 0.0453125 0.01875
1 0.89765625 0.8921875 0.0375 0.0296875
1 0.97890625 0.8140625 0.0265625 0.0171875
1 0.790625 0.97890625 0.03125 0.00625
4 0.99765625 0.665625 0.0046875 0.003125
4 0.84765625 0.83203125 0.009375 0.003125
3 0.996875 0.79296875 0.00625 0.0078125
4 0.86328125 0.8265625 0.0125 0.00625
1 0.8578125 0.396875 0.025 0.0296875
2 0.96875 0.28125 0.0265625 0.0140625
1 0.46796875 0.478125 0.0578125 0.0328125
4 0.99609375 0.675 0.0078125 0.003125
1 0.84296875 0.22421875 0.021875 0.028125