1 0.2296875 0.36953125 0.0515625 0.0703125
1 0.30234375 0.8578125 0.028125 0.025
1 0.30859375 0.4421875 0.0515625 0.0453125
1 0.703125 0.5140625 0.0375 0.0578125
1 0.2328125 0.43125 0.053125 0.053125
1 0.33046875 0.884375 0.0265625 0.0265625
1 0.04296875 0.8921875 0.021875 0.0203125
1 0.03359375 0.75 0.025 0.0234375
1 0.06015625 0.82890625 0.021875 0.028125
2 0.35859375 0.61875 0.0328125 0.0296875
1 0.68203125 0.7171875 0.025 0.0453125
1 0.36015625 0.9125 0.025 0.0234375
1 0.6296875 0.79296875 0.034375 0.03125
1 0.20390625 0.7796875 0.0296875 0.028125
2 0.1515625 0.39140625 0.046875 0.071875
1 0.25078125 0.85390625 0.028125 0.025
1 0.2265625 0.809375 0.0296875 0.0296875
1 0.0125 0.8671875 0.025 0.028125
1 0.6328125 0.79375 0.0390625 0.0328125
1 0.009375 0.86875 0.01875 0.028125
1 0.01015625 0.865625 0.0203125 0.028125
1 0.30390625 0.8609375 0.03125 0.028125
1 0.06171875 0.83125 0.0234375 0.03125
1 0.99140625 0.17421875 0.0171875 0.0484375
1 0.05859375 0.8265625 0.0234375 0.028125
1 0.2 0.7984375 0.0296875 0.025
2 0.0796875 0.140625 0.021875 0.0484375
1 0.09296875 0.7796875 0.028125 0.0328125
1 0.22421875 0.8328125 0.0296875 0.028125
1 0.0328125 0.74296875 0.03125 0.0359375
1 0.22578125 0.83515625 0.03125 0.028125
1 0.203125 0.78359375 0.0359375 0.028125
1 0.03515625 0.73828125 0.028125 0.0359375
1 0.228125 0.8328125 0.03125 0.025
1 0.01328125 0.86640625 0.0265625 0.0265625
1 0.0359375 0.74453125 0.028125 0.0328125
1 0.3015625 0.85625 0.0296875 0.0265625
1 0.2421875 0.83359375 0.025 0.021875
3 0.2484375 0.19453125 0.0375 0.0328125
1 0.20234375 0.80234375 0.028125 0.025
1 0.3609375 0.90859375 0.0265625 0.0234375
1 0.2234375 0.81875 0.03125 0.021875
1 0.22109375 0.8109375 0.03125 0.028125
1 0.228125 0.8109375 0.028125 0.0296875
2 0.11484375 0.4546875 0.0390625 0.040625
1 0.00625 0.5828125 0.0125 0.05
1 0.05859375 0.828125 0.025 0.03125
1 0.63515625 0.79375 0.0390625 0.034375
1 0.0171875 0.86484375 0.0265625 0.0296875
1 0.69921875 0.7171875 0.0203125 0.0359375
1 0.09375 0.78203125 0.028125 0.0359375
1 0.1890625 0.36484375 0.05625 0.0703125
1 0.01875 0.86640625 0.0265625 0.028125
1 0.040625 0.89296875 0.0234375 0.0203125
2 0.09921875 0.47578125 0.0703125 0.1
1 0.01171875 0.86328125 0.0234375 0.0296875
1 0.06171875 0.82578125 0.021875 0.03125
3 0.26171875 0.14921875 0.0359375 0.040625