1 0.45 0.9640625 0.0375 0.0375
1 0.27734375 0.346875 0.0734375 0.0984375
1 0.3328125 0.5515625 0.05625 0.0765625
1 0.45078125 0.69296875 0.04375 0.0671875
2 0.79609375 0.3015625 0.0765625 0.053125
1 0.25546875 0.45625 0.078125 0.10625
2 0.4046875 0.8671875 0.0390625 0.0390625
1 0.2078125 0.70078125 0.03125 0.0578125
2 0.3078125 0.9640625 0.0515625 0.05
1 0.5453125 0.7203125 0.034375 0.059375
1 0.65390625 0.6734375 0.0359375 0.0453125
1 0.684375 0.71171875 0.0328125 0.0421875
1 0.721875 0.72734375 0.040625 0.0390625
1 0.65234375 0.69765625 0.03125 0.0484375
1 0.509375 0.81796875 0.0296875 0.0515625
1 0.33984375 0.43828125 0.06875 0.096875
2 0.47421875 0.11953125 0.1015625 0.178125