1 0.5171875 0.32734375 0.03203125 0.0484375
1 0.54609375 0.2765625 0.03203125 0.0484375
1 0.61328125 0.2875 0.03984375 0.02734375
3 0.303125 0.3421875 0.01796875 0.025
1 0.0734375 0.5046875 0.04140625 0.06875
1 0.05 0.62734375 0.02421875 0.08671875
1 0.23359375 0.7546875 0.06015625 0.0984375
1 0.48828125 0.7640625 0.07109375 0.07734375
2 0.58828125 0.75 0.04921875 0.0859375
2 0.6109375 0.53359375 0.053125 0.0625
1 0.09765625 0.91640625 0.04140625 0.11484375
3 0.40703125 0.23828125 0.015625 0.021875
4 0.46015625 0.1125 0.0046875 0.0125
3 0.2984375 0.15 0.009375 0.01875
4 0.46953125 0.06875 0.003125 0.009375
4 0.45625 0.07109375 0.003125 0.009375
4 0.83203125 0.49453125 0.003125 0.009375
1 0.8234375 0.975 0.08125 0.05
2 0.5796875 0.940625 0.0375 0.11875
3 0.215625 0.5421875 0.02265625 0.04140625