1 0.7875 0.21015625 0.0296875 0.025
1 0.3859375 0.21328125 0.0171875 0.0203125
1 0.7890625 0.2109375 0.0328125 0.028125
1 0.565625 0.04453125 0.021875 0.0265625
1 0.940625 0.175 0.025 0.021875
2 0.36484375 0.15703125 0.04375 0.04375
1 0.59765625 0.075 0.0171875 0.01875
1 0.58671875 0.015625 0.01875 0.0203125
1 0.384375 0.1953125 0.0171875 0.0328125
1 0.47890625 0.29453125 0.025 0.0453125
2 0.7875 0.1125 0.03125 0.021875
1 0.55078125 0.01171875 0.0171875 0.0203125
1 0.72578125 0.1703125 0.0328125 0.028125
1 0.7515625 0.1921875 0.028125 0.0234375
2 0.228125 0.19296875 0.0359375 0.0359375
1 0.39140625 0.025 0.0171875 0.0234375
1 0.51875 0.12578125 0.034375 0.034375
1 0.61015625 0.121875 0.01875 0.03125
1 0.6484375 0.08828125 0.0171875 0.0296875
1 0.746875 0.19765625 0.028125 0.0234375