1 0.2625 0.0921875 0.053125 0.0578125
1 0.53828125 0.68046875 0.0546875 0.0546875
1 0.05234375 0.00546875 0.0234375 0.0109375
4 0.13203125 0.96640625 0.01875 0.0078125
1 0.58046875 0.62890625 0.053125 0.0515625
4 0.12734375 0.965625 0.015625 0.009375
4 0.58359375 0.20703125 0.0125 0.0078125
1 0.6375 0.571875 0.053125 0.0515625
1 0.44921875 0.825 0.0546875 0.0546875
1 0.3796875 0.8796875 0.0546875 0.0546875
1 0.51171875 0.7765625 0.0390625 0.05
1 0.553125 0.7671875 0.034375 0.0453125
1 0.50078125 0.8203125 0.0375 0.0484375
1 0.4296875 0.878125 0.0484375 0.05