1 0.21796875 0.5671875 0.03671875 0.06015625
1 0.40234375 0.1203125 0.02421875 0.01953125
1 0.309375 0.5171875 0.04375 0.03515625
1 0.70234375 0.54296875 0.02421875 0.05078125
1 0.2359375 0.509375 0.0421875 0.04296875
1 0.4359375 0.10234375 0.021875 0.0203125
1 0.1640625 0.0234375 0.01953125 0.02109375
1 0.121875 0.159375 0.0203125 0.01953125
1 0.16640625 0.08984375 0.01640625 0.025
2 0.39921875 0.36171875 0.02734375 0.02265625
1 0.7296875 0.34453125 0.01484375 0.04140625
1 0.4703125 0.08203125 0.02265625 0.01953125
1 0.6984375 0.259375 0.02890625 0.02421875
1 0.290625 0.171875 0.02578125 0.02265625
1 0.03515625 0.30703125 0.034375 0.040625
2 0.14921875 0.528125 0.0296875 0.0640625
1 0.35234375 0.1125 0.02421875 0.01953125
1 0.0265625 0.2625 0.03125 0.028125
1 0.31875 0.1484375 0.02421875 0.02421875
1 0.128125 0.0421875 0.02265625 0.02265625
1 0.7015625 0.259375 0.0328125 0.02421875
2 0.09453125 0.07734375 0.01953125 0.021875
1 0.02890625 0.26171875 0.03203125 0.0296875
1 0.12109375 0.0390625 0.02421875 0.02265625
1 0.121875 0.04296875 0.02578125 0.02265625
1 0.4046875 0.11875 0.02578125 0.0203125
1 0.16796875 0.0890625 0.0171875 0.0265625
1 0.90390625 0.934375 0.02421875 0.04296875
1 0.1640625 0.09296875 0.0171875 0.02421875
1 0.29140625 0.15234375 0.025 0.0203125
2 0.01328125 0.74921875 0.02578125 0.0453125
1 0.18515625 0.14609375 0.0203125 0.028125
1 0.32265625 0.12578125 0.025 0.0234375
1 0.11953125 0.16640625 0.0234375 0.0296875
2 0.021875 0.0390625 0.01953125 0.01953125
1 0.32421875 0.12421875 0.0265625 0.02265625
1 0.290625 0.16796875 0.0296875 0.02109375
1 0.1203125 0.17109375 0.02265625 0.0296875
1 0.32578125 0.1265625 0.02734375 0.01953125
1 0.1296875 0.04296875 0.02421875 0.02265625
1 0.12265625 0.16484375 0.021875 0.028125
1 0.4015625 0.121875 0.02421875 0.02109375
1 0.3390625 0.12890625 0.0203125 0.01640625
3 0.19375 0.73828125 0.03203125 0.025
1 0.00703125 0.3515625 0.0140625 0.03125
1 0.03046875 0.3078125 0.03203125 0.03984375
1 0.0078125 0.35703125 0.01484375 0.03515625
1 0.01953125 0.2640625 0.02578125 0.0265625
1 0.29453125 0.14921875 0.025 0.01875
1 0.47109375 0.08671875 0.02265625 0.01796875
1 0.31796875 0.1390625 0.028125 0.015625
1 0.3140625 0.1453125 0.02578125 0.021875
1 0.32109375 0.14765625 0.0234375 0.02421875
2 0.1296875 0.459375 0.0296875 0.034375
1 0.04453125 0.30859375 0.02734375 0.0421875
1 0.16328125 0.09140625 0.0171875 0.0265625
1 0.70390625 0.26015625 0.0328125 0.02578125
1 0.1328125 0.04609375 0.0203125 0.02578125
1 0.746875 0.3484375 0.01328125 0.0328125
1 0.1859375 0.14375 0.0203125 0.03046875
1 0.178125 0.56328125 0.04140625 0.06171875
2 0.00859375 0.80390625 0.01640625 0.04921875
1 0.13515625 0.0453125 0.02109375 0.02265625
1 0.16171875 0.021875 0.0203125 0.021875
2 0.11953125 0.43515625 0.04921875 0.0875
2 0.07734375 0.075 0.02265625 0.0234375
2 0.00703125 0.81015625 0.0140625 0.0515625
1 0.12421875 0.04609375 0.0234375 0.02578125
1 0.165625 0.09453125 0.0140625 0.028125
2 0.01171875 0.03671875 0.02265625 0.0234375
3 0.1953125 0.784375 0.028125 0.0328125