1 0.328125 0.96171875 0.084375 0.0765625
1 0.1796875 0.4515625 0.0359375 0.0546875
1 0.43671875 0.13046875 0.0375 0.0328125
1 0.76875 0.17890625 0.053125 0.05625
1 0.24765625 0.3484375 0.04375 0.03125
2 0.28671875 0.33203125 0.03125 0.0296875
2 0.26015625 0.32109375 0.028125 0.01875
2 0.465625 0.11875 0.0515625 0.0578125
2 0.39921875 0.0453125 0.0328125 0.0390625
1 0.6203125 0.0125 0.021875 0.025
2 0.3453125 0.11171875 0.046875 0.0515625
4 0.24375 0.16796875 0.0046875 0.009375
4 0.259375 0.128125 0.0046875 0.009375
2 0.3765625 0.69765625 0.0734375 0.1171875