1 0.29453125 0.47578125 0.04140625 0.03046875
1 0.46953125 0.846875 0.02265625 0.0921875
1 0.65234375 0.2078125 0.03359375 0.02109375
1 0.496875 0.0484375 0.02421875 0.01796875
1 0.97109375 0.071875 0.021875 0.0140625
3 0.74765625 0.14765625 0.009375 0.02265625
4 0.7609375 0.240625 0.00390625 0.01171875
4 0.7765625 0.284375 0.0046875 0.0125
4 0.790625 0.2109375 0.003125 0.01015625
4 0.81875 0.2859375 0.003125 0.01015625
1 0.64453125 0.1546875 0.015625 0.0484375
3 0.75703125 0.140625 0.009375 0.01171875
2 0.57265625 0.09921875 0.03359375 0.01640625
2 0.21875 0.2546875 0.02421875 0.0453125
4 0.80625 0.284375 0.00546875 0.0125
4 0.42734375 0.15234375 0.003125 0.01015625
3 0.7890625 0.16953125 0.01015625 0.01875
2 0.57109375 0.05390625 0.02890625 0.03046875
2 0.58671875 0.02421875 0.0296875 0.025
1 0.5015625 0.01328125 0.01796875 0.01796875
1 0.56640625 0.19375 0.03125 0.0234375
2 0.25078125 0.20546875 0.0234375 0.04296875