1 0.25703125 0.19140625 0.0265625 0.021875
1 0.64140625 0.234375 0.01484375 0.01875
1 0.590625 0.00625 0.00859375 0.0125
1 0.25546875 0.19140625 0.028125 0.0234375
1 0.4859375 0.0546875 0.0171875 0.02265625
1 0.1140625 0.1421875 0.02265625 0.0171875
1 0.021875 0.14609375 0.03359375 0.0203125
2 0.66796875 0.18203125 0.0375 0.03984375
1 0.453125 0.08125 0.01484375 0.01640625
1 0.46875 0.025 0.01640625 0.01875
1 0.6453125 0.21796875 0.01328125 0.0296875
1 0.54453125 0.303125 0.01953125 0.04296875
2 0.69609375 0.01328125 0.03203125 0.02109375
2 0.26640625 0.096875 0.02890625 0.01796875
1 0.5046875 0.0234375 0.01484375 0.02109375
1 0.3203125 0.159375 0.028125 0.0234375
1 0.29296875 0.17734375 0.02578125 0.01953125
2 0.79453125 0.23125 0.03125 0.03125
1 0.6625 0.0078125 0.02265625 0.01484375
1 0.65546875 0.05390625 0.015625 0.021875
1 0.5234375 0.13671875 0.03046875 0.0296875
1 0.4359375 0.125 0.0140625 0.02890625
1 0.4828125 0.009375 0.01328125 0.01875
1 0.40234375 0.08828125 0.01328125 0.02734375
1 0.296875 0.1828125 0.02578125 0.01953125