1 0.71328125 0.20859375 0.05625 0.078125
2 0.878125 0.6125 0.0328125 0.05
2 0.4234375 0.83515625 0.0390625 0.021875
2 0.43046875 0.9046875 0.040625 0.03125
2 0.409375 0.946875 0.0375 0.0328125
4 0.36875 0.9265625 0.003125 0.009375
3 0.1921875 0.73828125 0.0140625 0.034375
3 0.13515625 0.7015625 0.0140625 0.025
4 0.134375 0.6421875 0.00625 0.0140625
4 0.159375 0.571875 0.00625 0.0125
3 0.18046875 0.75078125 0.0109375 0.01875
4 0.10546875 0.41328125 0.009375 0.015625
4 0.09765625 0.409375 0.00625 0.0125
4 0.07578125 0.403125 0.00625 0.0125
4 0.10546875 0.47421875 0.00625 0.0125
4 0.0875 0.4859375 0.00625 0.0125
4 0.0703125 0.4859375 0.00625 0.0125
1 0.0046875 0.89453125 0.009375 0.0203125
1 0.53046875 0.96640625 0.028125 0.01875
1 0.51953125 0.9203125 0.028125 0.01875
1 0.328125 0.7390625 0.01875 0.0640625
1 0.31953125 0.65859375 0.0484375 0.0421875
1 0.42890625 0.68515625 0.046875 0.0296875