1 0.1375 0.36640625 0.03125 0.0453125
1 0.12421875 0.57890625 0.0234375 0.0265625
1 0.11796875 0.553125 0.03125 0.0453125
1 0.20390625 0.58359375 0.0328125 0.059375
1 0.02734375 0.26796875 0.0234375 0.0234375
1 0.85703125 0.8 0.0765625 0.05625
2 0.5125 0.371875 0.0453125 0.03125
2 0.30234375 0.19609375 0.0234375 0.034375
1 0.5390625 0.853125 0.0703125 0.075
1 0.51328125 0.79453125 0.065625 0.08125
1 0.40859375 0.159375 0.040625 0.0375
1 0.00703125 0.22578125 0.0140625 0.0234375
1 0.3703125 0.1765625 0.0328125 0.034375
1 0.46171875 0.65234375 0.065625 0.08125
1 0.38828125 0.67421875 0.065625 0.08125
1 0.45078125 0.75625 0.0640625 0.08125
1 0.10625 0.78125 0.05625 0.0859375
1 0.08125 0.38046875 0.03125 0.0453125
1 0.08515625 0.42734375 0.03125 0.0453125
1 0.440625 0.146875 0.021875 0.034375
2 0.28046875 0.228125 0.025 0.0296875
1 0.03203125 0.10703125 0.0171875 0.0140625
4 0.14921875 0.075 0.0046875 0.00625
1 0.03359375 0.17421875 0.0203125 0.0328125
1 0.03671875 0.20390625 0.0296875 0.0328125
1 0.0046875 0.16484375 0.009375 0.0296875
1 0.009375 0.14375 0.01875 0.025
1 0.12109375 0.33046875 0.0234375 0.0359375
1 0.38984375 0.03125 0.0296875 0.025