1 0.56953125 0.709375 0.053125 0.059375
1 0.6765625 0.28046875 0.03828125 0.03203125
1 0.040625 0.54921875 0.0546875 0.046875
2 0.96171875 0.89453125 0.06875 0.06171875
1 0.8328125 0.4390625 0.046875 0.0484375
1 0.22578125 0.396875 0.05 0.05
1 0.3609375 0.44375 0.0484375 0.03984375
1 0.21875 0.3015625 0.03984375 0.04375
1 0.50625 0.54765625 0.05859375 0.0640625
2 0.559375 0.5265625 0.05625 0.04140625
1 0.01640625 0.09609375 0.01953125 0.034375
1 0.3703125 0.2921875 0.0359375 0.0375
3 0.290625 0.25 0.0140625 0.02109375
2 0.15625 0.11640625 0.02109375 0.04140625
4 0.5671875 0.90703125 0.0046875 0.01796875
1 0.11953125 0.0109375 0.015625 0.021875
2 0.80078125 0.64375 0.0359375 0.10546875
1 0.99140625 0.5484375 0.0171875 0.040625
3 0.80625 0.34921875 0.02578125 0.0171875
1 0.30390625 0.30390625 0.015625 0.03203125
1 0.5109375 0.13515625 0.02265625 0.02265625
3 0.31328125 0.1625 0.01640625 0.01640625
3 0.99453125 0.2078125 0.0109375 0.01953125
1 0.0890625 0.4359375 0.03359375 0.059375
1 0.11328125 0.00859375 0.01484375 0.01640625
1 0.01015625 0.125 0.015625 0.0296875