4 0.92265625 0.4890625 0.00625 0.01328125
4 0.90859375 0.59609375 0.00703125 0.01640625
4 0.92734375 0.61875 0.00703125 0.01640625
4 0.909375 0.41953125 0.0046875 0.01484375
4 0.96875 0.64609375 0.00625 0.01328125
3 0.85625 0.38046875 0.01484375 0.0375
3 0.8671875 0.36484375 0.01171875 0.01796875
3 0.921875 0.4234375 0.0171875 0.0296875
1 0.72265625 0.46953125 0.05078125 0.0421875
1 0.7078125 0.375 0.01875 0.071875
1 0.99609375 0.165625 0.0078125 0.01875
1 0.77109375 0.00703125 0.0140625 0.0140625
1 0.6046875 0.0484375 0.02109375 0.02578125
1 0.56953125 0.059375 0.0203125 0.02265625
1 0.5359375 0.03984375 0.0125 0.02265625
1 0.5015625 0.0171875 0.0125 0.02109375
1 0.54609375 0.00859375 0.0140625 0.01640625
1 0.59140625 0.02734375 0.0234375 0.01484375
1 0.4671875 0.00703125 0.01953125 0.0140625
1 0.44453125 0.059375 0.0234375 0.015625
1 0.48203125 0.11171875 0.02578125 0.01875
1 0.39609375 0.0390625 0.02265625 0.0171875
1 0.36015625 0.04296875 0.01953125 0.02421875
4 0.36484375 0.02734375 0.003125 0.00703125
1 0.27265625 0.04453125 0.01953125 0.02421875
1 0.24375 0.0359375 0.0234375 0.0171875
1 0.265625 0.02578125 0.021875 0.0171875
1 0.2796875 0.0078125 0.01875 0.015625
2 0.1234375 0.51640625 0.03515625 0.06953125
2 0.6015625 0.26171875 0.0390625 0.0265625
2 0.59375 0.18359375 0.04140625 0.03203125
2 0.6078125 0.1390625 0.0265625 0.028125
2 0.67890625 0.09375 0.025 0.02109375