2 0.128125 0.503125 0.0203125 0.059375
2 0.07734375 0.1625 0.025 0.015625
2 0.21875 0.13125 0.0171875 0.0296875
0 0.728125 0.21015625 0.025 0.034375
2 0.540625 0.33359375 0.04375 0.021875
2 0.4296875 0.13203125 0.0109375 0.028125
2 0.078125 0.16171875 0.025 0.0171875
0 0.73203125 0.2125 0.025 0.034375
2 0.4296875 0.1328125 0.0109375 0.03125
2 0.27578125 0.05234375 0.0109375 0.0234375
0 0.7359375 0.21484375 0.0203125 0.03125
2 0.2734375 0.0515625 0.0125 0.025
2 0.0796875 0.16328125 0.0265625 0.015625
2 0.4296875 0.13046875 0.0125 0.028125
2 0.22265625 0.12890625 0.0203125 0.028125