1 0.6828125 0.8734375 0.0265625 0.021875
1 0.9453125 0.4890625 0.0375 0.034375
1 0.94609375 0.43828125 0.0359375 0.05625
1 0.73359375 0.85 0.025 0.0265625
1 0.2796875 0.47109375 0.0515625 0.0453125
1 0.4421875 0.853125 0.021875 0.0265625
1 0.90078125 0.91796875 0.0265625 0.0234375
1 0.92109375 0.79765625 0.028125 0.03125
1 0.93125 0.51796875 0.05 0.0359375
1 0.90390625 0.92734375 0.028125 0.0265625
1 0.90078125 0.9203125 0.0296875 0.025
1 0.8765625 0.934375 0.025 0.0265625
1 0.41015625 0.9578125 0.0140625 0.0203125
1 0.896875 0.91328125 0.025 0.025
1 0.73125 0.871875 0.0265625 0.0234375
1 0.7234375 0.8734375 0.0171875 0.021875
1 0.90625 0.69609375 0.025 0.025
1 0.9015625 0.68203125 0.025 0.0296875
1 0.41875 0.9328125 0.0171875 0.0234375
1 0.4484375 0.9671875 0.0203125 0.0203125
1 0.953125 0.7578125 0.025 0.021875
1 0.9046875 0.678125 0.0234375 0.028125
1 0.40546875 0.39453125 0.021875 0.028125
1 0.89140625 0.6875 0.025 0.0265625
1 0.44296875 0.9671875 0.0203125 0.01875
1 0.73046875 0.8625 0.025 0.01875
1 0.3859375 0.37265625 0.0421875 0.05625
1 0.90625 0.67734375 0.0234375 0.028125
1 0.93203125 0.51953125 0.0515625 0.0375
1 0.4171875 0.93203125 0.0171875 0.0234375
1 0.7546875 0.85234375 0.0234375 0.0265625
1 0.9171875 0.7953125 0.028125 0.034375
1 0.7328125 0.85 0.0265625 0.0296875
1 0.88359375 0.9515625 0.025 0.0234375
2 0.77421875 0.85703125 0.021875 0.0265625
1 0.7546875 0.8453125 0.025 0.0265625
1 0.90078125 0.928125 0.028125 0.028125
1 0.88984375 0.95234375 0.0203125 0.0203125
1 0.88671875 0.68828125 0.021875 0.0265625
1 0.421875 0.934375 0.01875 0.025
2 0.8171875 0.7546875 0.021875 0.021875
1 0.915625 0.67578125 0.0265625 0.0265625
1 0.88671875 0.6921875 0.01875 0.021875
1 0.396875 0.859375 0.015625 0.025
1 0.90859375 0.68359375 0.028125 0.0328125
1 0.9015625 0.93671875 0.028125 0.025
1 0.45 0.975 0.021875 0.025
1 0.39921875 0.8609375 0.015625 0.0265625
1 0.940625 0.4890625 0.034375 0.034375
1 0.3859375 0.375 0.04375 0.0640625
1 0.63828125 0.9046875 0.0171875 0.0203125
1 0.8890625 0.953125 0.0234375 0.01875
1 0.95234375 0.75546875 0.021875 0.0265625
1 0.92265625 0.80078125 0.028125 0.03125
2 0.8203125 0.20859375 0.0671875 0.046875
1 0.903125 0.6921875 0.0265625 0.025
1 0.878125 0.94296875 0.0234375 0.0234375
1 0.3015625 0.1140625 0.075 0.1046875
1 0.059375 0.11640625 0.09375 0.1171875
2 0.8875 0.3 0.0609375 0.0578125
1 0.9828125 0.7078125 0.034375 0.0375
2 0.80703125 0.88984375 0.0296875 0.0453125