1 0.4953125 0.4109375 0.059375 0.034375
1 0.65234375 0.309375 0.0671875 0.0359375
3 0.06796875 0.55625 0.0171875 0.0234375
1 0.759375 0.225 0.0515625 0.065625
1 0.45625 0.29375 0.0265625 0.021875
1 0.6125 0.4171875 0.0671875 0.0421875
3 0.43515625 0.653125 0.0203125 0.0265625
4 0.5890625 0.08359375 0.015625 0.015625
2 0.3078125 0.32890625 0.0421875 0.053125
2 0.16015625 0.3609375 0.0328125 0.025
1 0.27734375 0.0046875 0.0296875 0.009375
1 0.109375 0.715625 0.021875 0.01875
2 0.9484375 0.31796875 0.059375 0.0625
1 0.259375 0.27421875 0.0296875 0.0375
1 0.6375 0.43046875 0.0234375 0.0234375
1 0.45859375 0.2765625 0.046875 0.0515625
2 0.91171875 0.35546875 0.078125 0.065625
1 0.7234375 0.21796875 0.0515625 0.065625
1 0.03671875 0.69609375 0.03125 0.0234375
1 0.10234375 0.60546875 0.0484375 0.0328125
1 0.1609375 0.59375 0.0484375 0.0328125
1 0.2453125 0.55625 0.0484375 0.0328125
1 0.08515625 0.47109375 0.0375 0.0390625
2 0.2015625 0.39296875 0.0421875 0.0546875
2 0.10625 0.33203125 0.040625 0.0359375
1 0.1359375 0.40859375 0.0375 0.0390625
1 0.02734375 0.365625 0.021875 0.021875
1 0.0328125 0.33984375 0.0171875 0.0125
2 0.83203125 0.82265625 0.0546875 0.0703125