2 0.71171875 0.33984375 0.03125 0.034375
1 0.70859375 0.8140625 0.0390625 0.034375
0 0.49609375 0.4296875 0.0421875 0.046875
1 0.565625 0.3890625 0.0265625 0.0203125
1 0.31171875 0.2890625 0.0328125 0.0421875
3 0.94140625 0.596875 0.01875 0.015625
1 0.61875 0.3328125 0.0328125 0.0328125
2 0.61640625 0.37265625 0.025 0.034375
1 0.3171875 0.3125 0.0453125 0.04375
1 0.95078125 0.3375 0.0234375 0.0375
1 0.61953125 0.37109375 0.03125 0.0359375
1 0.61796875 0.2875 0.0234375 0.0171875
3 0.87578125 0.6421875 0.0203125 0.0234375
1 0.95078125 0.4109375 0.0375 0.0234375
1 0.7796875 0.8375 0.0390625 0.034375
1 0.790625 0.709375 0.05625 0.046875
1 0.86171875 0.721875 0.0515625 0.0359375
1 0.66640625 0.6765625 0.05625 0.0453125
1 0.89609375 0.821875 0.034375 0.021875
1 0.840625 0.57109375 0.034375 0.04375
1 0.7796875 0.465625 0.0484375 0.0515625
2 0.68671875 0.44453125 0.0546875 0.0640625
2 0.76015625 0.4125 0.0421875 0.0453125
2 0.84140625 0.371875 0.046875 0.0421875
4 0.79609375 0.21484375 0.009375 0.0046875
4 0.796875 0.21875 0.009375 0.0046875
1 0.57421875 0.02265625 0.0453125 0.04375
1 0.31640625 0.4953125 0.090625 0.0703125
3 0.26171875 0.73203125 0.0328125 0.0328125