1 0.046875 0.8203125 0.021875 0.01875
1 0.290625 0.3625 0.0328125 0.01875
1 0.1125 0.88828125 0.021875 0.025
1 0.34140625 0.965625 0.040625 0.0359375
1 0.28359375 0.72265625 0.040625 0.0296875
1 0.16875 0.90703125 0.03125 0.0265625
1 0.290625 0.3640625 0.034375 0.01875
1 0.05703125 0.6890625 0.0171875 0.021875
2 0.21328125 0.79921875 0.053125 0.0359375
1 0.28515625 0.7484375 0.0375 0.0265625
1 0.253125 0.65859375 0.0265625 0.0328125
1 0.13671875 0.91484375 0.028125 0.0265625
1 0.1375 0.87421875 0.0296875 0.028125
1 0.36640625 0.26796875 0.040625 0.0203125
1 0.02265625 0.59765625 0.01875 0.021875
1 0.25078125 0.71171875 0.025 0.03125
1 0.0453125 0.66484375 0.015625 0.01875
1 0.05 0.8203125 0.025 0.01875
1 0.009375 0.57265625 0.015625 0.01875
1 0.1375 0.87578125 0.03125 0.028125
2 0.1875 0.59609375 0.01875 0.021875
1 0.0203125 0.640625 0.01875 0.021875
1 0.13828125 0.915625 0.025 0.03125
1 0.9578125 0.2734375 0.0765625 0.065625
1 0.175 0.334375 0.025 0.0125
2 0.26328125 0.77265625 0.0359375 0.0203125
1 0.15546875 0.31953125 0.01875 0.015625
1 0.025 0.640625 0.01875 0.021875
1 0.04765625 0.821875 0.0234375 0.021875
1 0.13984375 0.9140625 0.0296875 0.025
1 0.02578125 0.66484375 0.0171875 0.01875
1 0.15390625 0.31953125 0.021875 0.015625
2 0.42890625 0.84296875 0.028125 0.028125
1 0.13828125 0.91796875 0.0296875 0.03125
1 0.1578125 0.31875 0.025 0.0125
1 0.171875 0.90625 0.03125 0.028125
1 0.11875 0.3625 0.0171875 0.01875
1 0.28515625 0.74765625 0.040625 0.0265625
1 0.38359375 0.99375 0.0328125 0.0125
1 0.17890625 0.33359375 0.0234375 0.0125
1 0.15234375 0.3203125 0.025 0.0140625
1 0.12734375 0.909375 0.0203125 0.0203125
1 0.29296875 0.365625 0.028125 0.01875
1 0.05859375 0.6921875 0.015625 0.021875
1 0.0328125 0.7703125 0.0203125 0.0125
1 0.1203125 0.36015625 0.01875 0.01875
1 0.1234375 0.35625 0.01875 0.015625
1 0.040625 0.6671875 0.0125 0.021875
1 0.00859375 0.78671875 0.0078125 0.015625
2 0.43125 0.84140625 0.028125 0.028125
1 0.3796875 0.99296875 0.034375 0.0140625
1 0.0859375 0.99765625 0.01875 0.0046875
1 0.04453125 0.66328125 0.01875 0.021875
2 0.2703125 0.771875 0.0453125 0.0203125
1 0.51796875 0.98203125 0.034375 0.0359375
1 0.11015625 0.88984375 0.0234375 0.0234375
1 0.0484375 0.665625 0.01875 0.021875
1 0.26328125 0.71484375 0.01875 0.034375
1 0.17265625 0.3359375 0.025 0.015625
1 0.290625 0.36484375 0.034375 0.0203125
1 0.00859375 0.78828125 0.0078125 0.015625
1 0.16640625 0.91015625 0.0265625 0.028125
1 0.0203125 0.6390625 0.01875 0.021875
1 0.1375 0.878125 0.03125 0.03125
3 0.371875 0.73203125 0.0171875 0.021875
1 0.05 0.821875 0.025 0.021875
1 0.1703125 0.903125 0.034375 0.0296875
1 0.5515625 0.9828125 0.034375 0.0328125
4 0.55859375 0.92890625 0.0140625 0.009375
4 0.50859375 0.79375 0.0140625 0.00625