1 0.2578125 0.34453125 0.0390625 0.028125
1 0.47734375 0.43515625 0.03125 0.0578125
1 0.4796875 0.99140625 0.0375 0.0171875
1 0.60625 0.04765625 0.0171875 0.0484375
1 0.615625 0.090625 0.0328125 0.021875
1 0.53828125 0.0859375 0.0328125 0.021875
1 0.95859375 0.1984375 0.0296875 0.04375
3 0.91171875 0.15 0.01875 0.0265625
4 0.7453125 0.14609375 0.0046875 0.0109375
4 0.73515625 0.14296875 0.0046875 0.0109375
4 0.7390625 0.12890625 0.0046875 0.0109375
4 0.73984375 0.0734375 0.0046875 0.0109375
3 0.69609375 0.0234375 0.009375 0.0203125
3 0.70390625 0.01953125 0.0109375 0.0125
2 0.5375 0.0140625 0.0328125 0.021875
2 0.228125 0.17734375 0.01875 0.034375
4 0.70703125 0.0890625 0.0046875 0.0109375
4 0.40859375 0.07734375 0.0046875 0.0109375