1 0.24375 0.396875 0.0390625 0.0484375
1 0.0046875 0.503125 0.009375 0.0375
1 0.25 0.3546875 0.0390625 0.0375
1 0.31015625 0.35078125 0.040625 0.034375
2 0.14453125 0.325 0.0453125 0.0640625
1 0.3546875 0.04296875 0.0234375 0.021875
1 0.6359375 0.32734375 0.0265625 0.04375
1 0.0125 0.2625 0.025 0.040625
1 0.0234375 0.2953125 0.0390625 0.04375
1 0.03671875 0.22265625 0.0328125 0.0296875
1 0.7828125 0.44453125 0.0296875 0.05625
1 0.240625 0.1234375 0.025 0.01875
2 0.1859375 0.384375 0.0296875 0.046875
1 0.215625 0.403125 0.0359375 0.0515625
1 0.328125 0.0640625 0.025 0.0203125
1 0.09453125 0.14140625 0.0234375 0.028125
1 0.11953125 0.07734375 0.01875 0.0234375
1 0.6546875 0.17109375 0.0203125 0.03125
1 0.26015625 0.1015625 0.0234375 0.0234375
2 0.13515625 0.590625 0.0453125 0.053125
1 0.0546875 0.2546875 0.034375 0.0421875
2 0.36171875 0.25078125 0.028125 0.0234375
2 0.1765625 0.3375 0.0734375 0.0578125
1 0.2375 0.109375 0.025 0.01875
1 0.259375 0.0859375 0.025 0.01875
1 0.2796875 0.078125 0.025 0.01875
1 0.37890625 0.02421875 0.025 0.01875
1 0.14609375 0.109375 0.0234375 0.028125
3 0.25859375 0.53515625 0.0296875 0.0296875
3 0.25234375 0.50859375 0.028125 0.0234375
1 0.63984375 0.18515625 0.0203125 0.03125
1 0.60546875 0.12265625 0.03125 0.025