0 0.84765625 0.65234375 0.1234375 0.08125
1 0.71171875 0.8953125 0.05625 0.0625
1 0.57578125 0.10625 0.078125 0.0421875
1 0.2609375 0.4734375 0.05 0.06875
1 0.75234375 0.759375 0.05625 0.0703125
2 0.9203125 0.32578125 0.1390625 0.11875
1 0.16796875 0.496875 0.025 0.0265625
1 0.60234375 0.7453125 0.0703125 0.05
1 0.42421875 0.690625 0.0484375 0.0484375
2 0.41953125 0.80703125 0.04375 0.05625
2 0.30859375 0.75703125 0.0546875 0.05
2 0.225 0.71875 0.0484375 0.034375
1 0.20546875 0.8359375 0.034375 0.0328125
1 0.23203125 0.871875 0.0328125 0.034375
1 0.17890625 0.80625 0.0328125 0.025
1 0.14921875 0.80546875 0.0265625 0.0359375
1 0.0765625 0.80390625 0.034375 0.028125
1 0.0703125 0.78984375 0.028125 0.028125
1 0.06796875 0.95078125 0.0328125 0.025
1 0.07734375 0.93359375 0.0234375 0.0203125
1 0.09609375 0.99296875 0.0328125 0.0140625
3 0.1296875 0.94375 0.01875 0.0125
3 0.1265625 0.98125 0.01875 0.0125
1 0.51640625 0.7828125 0.0703125 0.05
1 0.29140625 0.37890625 0.040625 0.0359375
1 0.190625 0.3015625 0.028125 0.03125
1 0.1890625 0.53828125 0.0375 0.028125
1 0.2109375 0.43828125 0.025 0.0328125
1 0.26015625 0.07578125 0.0203125 0.03125
1 0.37890625 0.8765625 0.040625 0.0375