1 0.62265625 0.14921875 0.05625 0.053125
1 0.23359375 0.2390625 0.0671875 0.0671875
1 0.053125 0.46953125 0.09375 0.0953125
1 0.37890625 0.04765625 0.0765625 0.0765625
1 0.3359375 0.15859375 0.0828125 0.046875
1 0.16484375 0.321875 0.1 0.0734375
1 0.421875 0.6078125 0.0875 0.0515625
1 0.578125 0.01953125 0.04375 0.0390625
2 0.07578125 0.60546875 0.134375 0.0734375
1 0.61171875 0.08203125 0.0484375 0.025
1 0.5796875 0.965625 0.03125 0.0359375
2 0.09140625 0.59609375 0.103125 0.04375
1 0.54921875 0.9390625 0.0421875 0.0421875
4 0.5390625 0.88359375 0.0125 0.0078125
4 0.53828125 0.8875 0.0125 0.0078125
4 0.41875 0.78359375 0.0125 0.0078125
1 0.65390625 0.1125 0.0515625 0.046875
1 0.6078125 0.06484375 0.0484375 0.025
1 0.6046875 0.04453125 0.0484375 0.025