2 0.13671875 0.49609375 0.01875 0.0578125
2 0.0921875 0.15859375 0.02421875 0.01484375
2 0.23203125 0.1296875 0.01640625 0.02890625
0 0.73515625 0.21640625 0.025 0.034375
2 0.54765625 0.33515625 0.04375 0.021875
2 0.440625 0.13359375 0.0109375 0.028125
2 0.09296875 0.1578125 0.0234375 0.01640625
0 0.73828125 0.21875 0.0234375 0.034375
2 0.44140625 0.134375 0.0109375 0.0296875
2 0.290625 0.05234375 0.0109375 0.02265625
0 0.7421875 0.22109375 0.0203125 0.03125
2 0.28828125 0.0515625 0.01171875 0.02578125
2 0.09453125 0.15859375 0.0265625 0.015625
2 0.440625 0.13203125 0.01171875 0.02890625
2 0.2359375 0.12734375 0.0203125 0.02734375