2 0.96796875 0.3703125 0.0453125 0.0578125
1 0.221875 0.76328125 0.0359375 0.0390625
1 0.25 0.265625 0.071875 0.06875
1 0.05546875 0.29140625 0.0828125 0.0578125
1 0.03125 0.15625 0.03125 0.0640625
2 0.69140625 0.1984375 0.0453125 0.0671875
1 0.24453125 0.46640625 0.046875 0.0453125
1 0.39921875 0.31015625 0.0703125 0.0625
1 0.10546875 0.5921875 0.059375 0.046875
1 0.30625 0.40078125 0.0359375 0.0515625
1 0.1921875 0.52734375 0.0265625 0.0640625
2 0.52265625 0.31171875 0.0421875 0.1015625
2 0.82890625 0.26484375 0.0484375 0.0828125
1 0.5796875 0.54375 0.034375 0.0640625
1 0.1296875 0.76328125 0.01875 0.0359375
1 0.1015625 0.74921875 0.0390625 0.028125
1 0.0421875 0.73515625 0.021875 0.0328125
1 0.871875 0.60234375 0.0328125 0.028125
1 0.0375 0.70234375 0.0328125 0.0265625
1 0.8984375 0.62265625 0.0296875 0.025
1 0.01875 0.396875 0.0328125 0.0796875
1 0.15078125 0.7640625 0.0328125 0.0390625
2 0.93828125 0.41640625 0.0328125 0.04375
1 0.01484375 0.54140625 0.0296875 0.0421875
1 0.19765625 0.7890625 0.0296875 0.034375
4 0.7125 0.5265625 0.00625 0.0125
4 0.66640625 0.49375 0.00625 0.0125
4 0.82421875 0.6015625 0.0046875 0.0109375
4 0.828125 0.603125 0.0046875 0.0109375
1 0.78515625 0.0578125 0.0703125 0.090625