1 0.04375 0.246875 0.015625 0.0171875
1 0.02890625 0.10546875 0.021875 0.034375
4 0.61171875 0.0640625 0.0234375 0.0109375
1 0.72109375 0.0515625 0.0953125 0.046875
2 0.91484375 0.5703125 0.090625 0.103125
1 0.54609375 0.15 0.0453125 0.05
1 0.871875 0.0078125 0.065625 0.015625
4 0.3203125 0.259375 0.0125 0.0078125
1 0.30625 0.56953125 0.034375 0.0359375
1 0.3546875 0.6109375 0.0421875 0.040625
1 0.39375 0.64921875 0.0421875 0.040625
1 0.4640625 0.76953125 0.0421875 0.040625
1 0.4703125 0.759375 0.0421875 0.040625
1 0.49921875 0.80078125 0.0421875 0.040625
1 0.534375 0.79921875 0.0421875 0.040625
1 0.42421875 0.728125 0.0421875 0.040625
1 0.39453125 0.72578125 0.0421875 0.040625
1 0.43984375 0.76328125 0.0421875 0.040625
1 0.55390625 0.96875 0.06875 0.0515625
1 0.446875 0.98984375 0.065625 0.0203125
4 0.72578125 0.84609375 0.0140625 0.009375
4 0.73203125 0.84453125 0.015625 0.009375