1 0.61640625 0.84609375 0.021875 0.025
1 0.5296875 0.95546875 0.01875 0.03125
1 0.30078125 0.89921875 0.025 0.028125
1 0.59375 0.89296875 0.025 0.021875
1 0.18046875 0.8765625 0.025 0.025
1 0.4375 0.85078125 0.03125 0.0234375
1 0.253125 0.84609375 0.025 0.028125
1 0.17421875 0.91328125 0.0296875 0.028125
2 0.61953125 0.7234375 0.046875 0.0625
1 0.1953125 0.9375 0.0203125 0.021875
1 0.178125 0.90703125 0.0296875 0.021875
2 0.61640625 0.62578125 0.0625 0.0515625
1 0.26875 0.9875 0.0125 0.015625
1 0.4453125 0.77421875 0.034375 0.0296875
1 0.43984375 0.95390625 0.01875 0.028125
1 0.615625 0.846875 0.0234375 0.025
1 0.171875 0.915625 0.028125 0.0265625
1 0.446875 0.7703125 0.0359375 0.034375
1 0.17890625 0.90859375 0.028125 0.0265625
1 0.6140625 0.846875 0.025 0.028125
1 0.26953125 0.9890625 0.015625 0.0140625
1 0.6796875 0.81484375 0.01875 0.021875
1 0.21171875 0.96015625 0.0171875 0.0203125
1 0.47734375 0.92890625 0.0125 0.028125
1 0.59453125 0.89765625 0.025 0.01875
1 0.48671875 0.6765625 0.040625 0.034375
1 0.6828125 0.81484375 0.021875 0.0234375
1 0.4390625 0.94921875 0.01875 0.025
1 0.19765625 0.93984375 0.0203125 0.021875
1 0.24765625 0.96875 0.0171875 0.034375
1 0.34296875 0.9421875 0.01875 0.028125
4 0.7 0.6890625 0.003125 0.0109375
1 0.53125 0.959375 0.015625 0.03125
1 0.59296875 0.91015625 0.025 0.0203125
1 0.47109375 0.678125 0.0125 0.034375
1 0.20546875 0.9609375 0.0203125 0.021875
1 0.18046875 0.8796875 0.028125 0.025
1 0.59453125 0.8921875 0.025 0.0234375
2 0.6359375 0.46484375 0.0484375 0.0578125
4 0.3609375 0.34765625 0.009375 0.0171875
3 0.5640625 0.87109375 0.01875 0.0171875
1 0.17734375 0.91015625 0.0296875 0.025
1 0.840625 0.146875 0.040625 0.1625
1 0.6953125 0.8078125 0.025 0.01875
1 0.44140625 0.9546875 0.01875 0.025
1 0.4296875 0.95546875 0.025 0.028125
1 0.52578125 0.8921875 0.0203125 0.025
1 0.478125 0.9265625 0.0125 0.0296875
1 0.434375 0.95625 0.025 0.025
1 0.5921875 0.90859375 0.025 0.021875
1 0.85078125 0.146875 0.05 0.1609375
1 0.13671875 0.8875 0.025 0.0203125
4 0.41171875 0.16640625 0.00625 0.015625
4 0.41953125 0.16953125 0.00625 0.015625
2 0.52421875 0.759375 0.025 0.034375
2 0.5484375 0.7515625 0.01875 0.0265625
2 0.01953125 0.17421875 0.0296875 0.11875
2 0.48671875 0.98203125 0.015625 0.015625