2 0.5359375 0.2359375 0.0390625 0.01953125
2 0.17734375 0.36953125 0.01328125 0.0484375
0 0.45078125 0.72265625 0.0390625 0.0640625
0 0.70078125 0.13046875 0.02421875 0.03828125
3 0.953125 0.15625 0.01484375 0.01640625
4 0.96171875 0.15859375 0.00234375 0.0078125
4 0.96015625 0.15390625 0.00234375 0.0078125
2 0.25078125 0.08046875 0.01953125 0.02734375
2 0.30078125 0.0140625 0.01171875 0.02265625
2 0.440625 0.07890625 0.01015625 0.02734375
2 0.12109375 0.1125 0.0234375 0.01640625
2 0.0078125 0.19140625 0.015625 0.0203125