1 0.94921875 0.24609375 0.03203125 0.0296875
1 0.9484375 0.24375 0.03203125 0.03046875
1 0.79296875 0.30078125 0.01953125 0.0390625
1 0.853125 0.49375 0.01796875 0.02265625
1 0.946875 0.2421875 0.0328125 0.03203125
2 0.92265625 0.16328125 0.02421875 0.0265625
1 0.85390625 0.46875 0.0203125 0.03828125
1 0.78203125 0.51640625 0.01953125 0.053125
1 0.71875 0.02109375 0.0140625 0.01796875
1 0.871875 0.184375 0.01875 0.0171875
1 0.2296875 0.86484375 0.06484375 0.0390625
2 0.940625 0.1796875 0.02421875 0.02734375
2 0.44921875 0.3921875 0.0375 0.0203125
2 0.60234375 0.18125 0.0140625 0.02890625
1 0.53515625 0.84140625 0.053125 0.0609375
1 0.5453125 0.78125 0.04609375 0.0671875
1 0.521875 0.01484375 0.01953125 0.01484375
1 0.49609375 0.17265625 0.03125 0.028125
1 0.88515625 0.140625 0.0171875 0.01796875
1 0.53515625 0.1796875 0.02578125 0.02734375
1 0.5609375 0.63828125 0.04609375 0.0671875
1 0.6328125 0.6421875 0.04609375 0.0671875
1 0.59375 0.73203125 0.04609375 0.0671875
1 0.91640625 0.675 0.03671875 0.075
1 0.84765625 0.30078125 0.01953125 0.0390625
1 0.85546875 0.34453125 0.01953125 0.0390625
1 0.46328125 0.16796875 0.01328125 0.02890625
1 0.60859375 0.01015625 0.021875 0.01796875
1 0.53359375 0.0125 0.02109375 0.01875
2 0.62890625 0.20625 0.01875 0.0234375
1 0.83125 0.03125 0.0140625 0.025
4 0.71484375 0.034375 0.003125 0.00859375
1 0.84453125 0.10078125 0.0125 0.02890625
1 0.8484375 0.128125 0.021875 0.02578125
1 0.88984375 0.10859375 0.02578125 0.01796875
1 0.8734375 0.084375 0.0109375 0.02578125
1 0.86484375 0.065625 0.02578125 0.0171875
1 0.87578125 0.04921875 0.015625 0.01640625
1 0.8 0.2640625 0.01484375 0.03125
1 0.484375 0.05078125 0.02265625 0.01875