1 0.6921875 0.28046875 0.02734375 0.03515625
1 0.55390625 0.11796875 0.01171875 0.0203125
1 0.49453125 0.30703125 0.01875 0.03984375
1 0.6328125 0.24453125 0.02421875 0.03203125
1 0.30859375 0.05703125 0.021875 0.0171875
1 0.31953125 0.12578125 0.0109375 0.0171875
1 0.0375 0.81796875 0.0578125 0.05390625
2 0.35078125 0.10625 0.02265625 0.01953125
2 0.5484375 0.73828125 0.05 0.1390625
2 0.81328125 0.28125 0.04765625 0.0265625
1 0.31953125 0.08515625 0.009375 0.01484375
1 0.63359375 0.08671875 0.0125 0.015625
1 0.6109375 0.03203125 0.01796875 0.01953125
1 0.18984375 0.16796875 0.025 0.0296875
1 0.08984375 0.75859375 0.0578125 0.0390625
1 0.59609375 0.10390625 0.01328125 0.01875
1 0.359375 0.71328125 0.02734375 0.08828125
1 0.1640625 0.66015625 0.040625 0.03984375
1 0.15234375 0.7078125 0.040625 0.03984375
1 0.07109375 0.80703125 0.040625 0.03984375
2 0.11640625 0.42109375 0.05 0.03125
1 0.19765625 0.1921875 0.025 0.0296875
1 0.07265625 0.04765625 0.0265625 0.01875
1 0.27109375 0.0484375 0.01484375 0.01796875
1 0.34765625 0.14765625 0.02890625 0.01953125
1 0.39765625 0.01640625 0.021875 0.0140625
1 0.59765625 0.06796875 0.02421875 0.015625
1 0.634375 0.06328125 0.02421875 0.015625
1 0.6515625 0.04609375 0.02421875 0.015625
1 0.64375 0.1078125 0.02421875 0.015625
1 0.625 0.1390625 0.02421875 0.015625
2 0.65703125 0.171875 0.02734375 0.01484375
2 0.671875 0.18203125 0.034375 0.0109375
0 0.709375 0.21640625 0.04453125 0.02578125
1 0.7546875 0.25703125 0.03671875 0.025
1 0.44140625 0.3125 0.02890625 0.03671875
1 0.46640625 0.27109375 0.02890625 0.03671875
1 0.47734375 0.359375 0.02890625 0.04765625
1 0.40703125 0.503125 0.02890625 0.04765625
1 0.3078125 0.5453125 0.02890625 0.06953125
2 0.3078125 0.19140625 0.0171875 0.0421875
2 0.33984375 0.2328125 0.034375 0.04375
2 0.32265625 0.21796875 0.0234375 0.025