1 0.25703125 0.65703125 0.034375 0.0453125
1 0.271875 0.69921875 0.034375 0.0328125
1 0.334375 0.6921875 0.0375 0.028125
2 0.16875 0.7484375 0.0390625 0.0609375
1 0.434375 0.99453125 0.0203125 0.009375
1 0.671875 0.6578125 0.0203125 0.0421875
1 0.0390625 0.8375 0.0328125 0.0359375
1 0.05078125 0.80078125 0.034375 0.0375
1 0.078125 0.87265625 0.0296875 0.0265625
1 0.80078125 0.5109375 0.0234375 0.05625
1 0.30390625 0.9375 0.021875 0.0171875
2 0.2015625 0.6796875 0.0234375 0.04375
1 0.22734375 0.65546875 0.0328125 0.046875
1 0.40390625 0.98203125 0.021875 0.01875
1 0.1515625 0.9453125 0.0203125 0.028125
1 0.71796875 0.81328125 0.015625 0.0296875
1 0.32734375 0.95546875 0.021875 0.021875
2 0.1109375 0.47734375 0.040625 0.0484375
1 0.0890625 0.83671875 0.028125 0.0375
2 0.4046875 0.78515625 0.025 0.0203125
2 0.19921875 0.7296875 0.0703125 0.0515625
1 0.303125 0.95234375 0.021875 0.0171875
1 0.32890625 0.971875 0.021875 0.0171875
1 0.3515625 0.97578125 0.021875 0.0171875
1 0.209375 0.96796875 0.0203125 0.028125
3 0.24765625 0.51328125 0.025 0.025
3 0.246875 0.54140625 0.025 0.01875
1 0.7015625 0.8015625 0.015625 0.0296875
1 0.67734375 0.87109375 0.028125 0.021875