1 0.2984375 0.05546875 0.025 0.040625
1 0.30078125 0.090625 0.028125 0.0234375
3 0.2171875 0.05859375 0.009375 0.0203125
3 0.2109375 0.05546875 0.0125 0.0140625
4 0.21875 0.153125 0.0046875 0.009375
4 0.21328125 0.1265625 0.0046875 0.009375
4 0.19453125 0.10625 0.0046875 0.009375
4 0.22734375 0.1078125 0.0046875 0.009375
1 0.590625 0.64765625 0.046875 0.0890625
1 0.6046875 0.83828125 0.05625 0.1
1 0.50625 0.28359375 0.0359375 0.0484375
1 0.68984375 0.203125 0.0359375 0.0375
1 0.05234375 0.23984375 0.03125 0.0390625
3 0.07890625 0.19921875 0.015625 0.0234375