2 0.55625 0.06171875 0.0234375 0.0328125
2 0.10625 0.0453125 0.01640625 0.01953125
4 0.1078125 0.49921875 0.00546875 0.0109375
4 0.08359375 0.52421875 0.00546875 0.0109375
4 0.1171875 0.51171875 0.00546875 0.0109375
4 0.1359375 0.4953125 0.00546875 0.0109375
4 0.16015625 0.4796875 0.00546875 0.0109375
4 0.03515625 0.64375 0.0078125 0.0125
4 0.040625 0.66015625 0.00703125 0.01328125
4 0.06875 0.65625 0.00546875 0.0109375
4 0.01953125 0.66171875 0.00703125 0.01328125
4 0.03828125 0.6921875 0.00703125 0.01328125
4 0.00703125 0.70234375 0.00703125 0.01328125
4 0.00390625 0.68125 0.00703125 0.01328125
2 0.15 0.0125 0.01484375 0.021875
1 0.35625 0.00546875 0.02578125 0.0109375