1 0.165625 0.11875 0.0234375 0.0265625
1 0.63203125 0.1078125 0.0125 0.0203125
1 0.125 0.4046875 0.02578125 0.03984375
1 0.06953125 0.459375 0.04140625 0.04609375
1 0.01328125 0.50390625 0.0265625 0.0421875
1 0.41640625 0.296875 0.034375 0.02109375
1 0.765625 0.634375 0.0515625 0.06015625
1 0.12265625 0.36328125 0.02578125 0.025
1 0.59453125 0.11875 0.0171875 0.02109375
1 0.14296875 0.35625 0.0328125 0.025
1 0.1390625 0.3421875 0.0375 0.025
1 0.38125 0.07734375 0.025 0.01953125
1 0.721875 0.45078125 0.03828125 0.03203125
1 0.60546875 0.64140625 0.05078125 0.0734375
1 0.76953125 0.875 0.06171875 0.11015625
2 0.12578125 0.77890625 0.08125 0.05625
1 0.01640625 0.028125 0.01953125 0.0203125
1 0.12109375 0.146875 0.02421875 0.02421875
1 0.3453125 0.0734375 0.01796875 0.0171875
1 0.6265625 0.05546875 0.0140625 0.02109375
1 0.07734375 0.04140625 0.01328125 0.0203125
1 0.1890625 0.01484375 0.0265625 0.01875
1 0.3359375 0.08828125 0.01953125 0.01796875
1 0.18125 0.2171875 0.0203125 0.021875
1 0.1734375 0.20625 0.021875 0.0265625
1 0.32109375 0.09609375 0.01953125 0.02109375
2 0.22109375 0.58046875 0.04765625 0.03671875
1 0.0046875 0.19375 0.009375 0.0203125
1 0.21328125 0.00859375 0.02265625 0.0171875
2 0.1625 0.5109375 0.0515625 0.0453125
1 0.1890625 0.209375 0.01640625 0.021875
1 0.6046875 0.01875 0.01796875 0.01640625
1 0.3203125 0.08515625 0.01953125 0.01640625
2 0.2984375 0.08203125 0.01640625 0.01953125
1 0.6359375 0.03125 0.01171875 0.0203125
1 0.13984375 0.10390625 0.01640625 0.0171875
1 0.14375 0.146875 0.02578125 0.02265625
1 0.434375 0.14375 0.0140625 0.01796875
1 0.0046875 0.1296875 0.009375 0.02265625
1 0.60390625 0.50625 0.04453125 0.0640625
3 0.2765625 0.31796875 0.0140625 0.0234375
2 0.25703125 0.165625 0.01953125 0.01796875
4 0.23125 0.23046875 0.00390625 0.0109375
4 0.29296875 0.203125 0.00390625 0.01015625
4 0.3015625 0.02265625 0.003125 0.009375
2 0.2765625 0.05546875 0.02734375 0.0390625