1 0.57734375 0.47265625 0.0203125 0.05546875
1 0.71015625 0.596875 0.01953125 0.0625
3 0.340625 0.10546875 0.01953125 0.01328125
1 0.8140625 0.67734375 0.05546875 0.0375
1 0.978125 0.325 0.02421875 0.02734375
1 0.67890625 0.409375 0.01640625 0.02265625
1 0.59921875 0.58515625 0.028125 0.059375
3 0.3359375 0.4734375 0.02265625 0.015625
4 0.9078125 0.48515625 0.01171875 0.0125
2 0.6109375 0.2765625 0.04453125 0.03125
2 0.54609375 0.14609375 0.01953125 0.028125
1 0.91328125 0.17265625 0.01171875 0.0265625
1 0.20078125 0.18125 0.0125 0.01953125
2 0.77109375 0.878125 0.05234375 0.046875
1 0.65078125 0.21953125 0.03203125 0.02109375
1 0.59296875 0.6109375 0.01796875 0.0171875
1 0.6953125 0.40625 0.0421875 0.0359375
2 0.72734375 0.85234375 0.0484375 0.06640625
1 0.81171875 0.6421875 0.05546875 0.0375
1 0.20234375 0.1078125 0.0171875 0.028125
1 0.30234375 0.14921875 0.02265625 0.04296875
1 0.32734375 0.2015625 0.02265625 0.04296875
1 0.3828125 0.271875 0.02265625 0.04296875
1 0.42421875 0.1015625 0.03203125 0.02890625
2 0.525 0.19296875 0.046875 0.03046875
2 0.5609375 0.08828125 0.028125 0.0328125
1 0.49609375 0.13515625 0.03203125 0.02890625
1 0.51015625 0.01640625 0.01796875 0.02890625
1 0.53671875 0.0171875 0.009375 0.025
1 0.56875 0.0078125 0.025 0.015625
1 0.91875 0.05625 0.01171875 0.01875
2 0.26953125 0.8859375 0.059375 0.03984375