1 0.68046875 0.234375 0.03046875 0.028125
1 0.77421875 0.2375 0.0390625 0.0390625
1 0.68125 0.1875 0.03203125 0.03125
1 0.8796875 0.28828125 0.0390625 0.03046875
1 0.934375 0.0125 0.025 0.0234375
1 0.76640625 0.09375 0.02890625 0.0265625
1 0.70625 0.15546875 0.021875 0.0265625
1 0.76484375 0.14765625 0.02421875 0.0296875
1 0.95390625 0.03984375 0.01875 0.021875
1 0.9734375 0.01640625 0.02109375 0.0234375
1 0.821875 0.01640625 0.01328125 0.02265625
1 0.71953125 0.1328125 0.025 0.02578125
1 0.64140625 0.19765625 0.03046875 0.02734375
1 0.86796875 0.253125 0.02578125 0.0296875
1 0.6828125 0.17109375 0.03125 0.028125
2 0.76328125 0.05859375 0.0203125 0.01953125
1 0.93984375 0.17109375 0.021875 0.02734375
1 0.90390625 0.2078125 0.034375 0.03125
4 0.8 0.8390625 0.00546875 0.0125
4 0.96015625 0.8734375 0.01328125 0.0125
2 0.74765625 0.05078125 0.0265625 0.0109375