1 0.3546875 0.31953125 0.0578125 0.0515625
2 0.17109375 0.590625 0.0390625 0.0609375
2 0.53125 0.9625 0.040625 0.0375
2 0.53828125 0.865625 0.04375 0.03125
2 0.52265625 0.92421875 0.0421875 0.0421875
4 0.5734375 0.95625 0.0046875 0.009375
3 0.7578125 0.84375 0.01875 0.03125
3 0.8140625 0.825 0.0171875 0.0234375
4 0.8921875 0.68828125 0.009375 0.0140625
4 0.84921875 0.6640625 0.009375 0.0203125
3 0.76640625 0.85546875 0.0140625 0.01875
4 0.8265625 0.77421875 0.0125 0.0171875
4 0.80625 0.72109375 0.009375 0.015625
4 0.87890625 0.67265625 0.009375 0.015625
4 0.89296875 0.67421875 0.009375 0.015625
4 0.87890625 0.615625 0.009375 0.015625
4 0.8796875 0.646875 0.009375 0.015625
1 0.4359375 0.9171875 0.03125 0.0234375
1 0.42578125 0.9546875 0.028125 0.021875
1 0.3359375 0.975 0.021875 0.0078125
1 0.640625 0.81171875 0.0296875 0.0671875
1 0.6640625 0.74375 0.0484375 0.0359375
1 0.559375 0.74765625 0.046875 0.034375