1 0.153125 0.80703125 0.0296875 0.034375
2 0.54765625 0.0171875 0.0890625 0.034375
2 0.32890625 0.67109375 0.0515625 0.0359375
2 0.321875 0.484375 0.028125 0.0703125
3 0.7125 0.8203125 0.015625 0.0125
1 0.72578125 0.96328125 0.015625 0.021875
1 0.525 0.8796875 0.01875 0.021875
2 0.40546875 0.92421875 0.0328125 0.0296875
1 0.40859375 0.81796875 0.0234375 0.0328125
1 0.34296875 0.76640625 0.0140625 0.021875
1 0.3734375 0.95546875 0.025 0.0203125
1 0.15 0.94609375 0.0109375 0.021875
1 0.0078125 0.521875 0.0125 0.021875
2 0.2296875 0.3734375 0.040625 0.0765625
2 0.27578125 0.415625 0.0390625 0.0484375
2 0.29296875 0.38828125 0.0140625 0.046875
1 0.425 0.4734375 0.0515625 0.05
1 0.4921875 0.47734375 0.0515625 0.05
1 0.54453125 0.49140625 0.0234375 0.0625
1 0.57890625 0.9296875 0.0265625 0.03125
1 0.61171875 0.959375 0.0203125 0.025
1 0.346875 0.85546875 0.034375 0.0234375
1 0.33828125 0.76875 0.0234375 0.0328125
1 0.275 0.753125 0.040625 0.0203125
1 0.26640625 0.75546875 0.0265625 0.0375
1 0.034375 0.82265625 0.0171875 0.034375
1 0.134375 0.94375 0.0109375 0.021875
1 0.45703125 0.9796875 0.0296875 0.040625
1 0.453125 0.7796875 0.0359375 0.034375