1 0.4703125 0.32265625 0.05625 0.0546875
1 0.80390625 0.40625 0.109375 0.0609375
3 0.59453125 0.9734375 0.0296875 0.0375
3 0.828125 0.06015625 0.046875 0.0375
1 0.63203125 0.5765625 0.078125 0.05
1 0.615625 0.56484375 0.040625 0.025
1 0.47734375 0.86015625 0.040625 0.059375
1 0.0625 0.525 0.0171875 0.021875
4 0.603125 0.9171875 0.0140625 0.00625
4 0.59609375 0.9203125 0.0125 0.0046875
4 0.63828125 0.98359375 0.0140625 0.00625
4 0.54609375 0.76484375 0.0140625 0.00625
4 0.55234375 0.78515625 0.0140625 0.00625