1 0.24453125 0.7875 0.0296875 0.0234375
1 0.64453125 0.77109375 0.0171875 0.0203125
1 0.575 0.9984375 0.009375 0.003125
1 0.24296875 0.7875 0.03125 0.0265625
1 0.47109375 0.94609375 0.0203125 0.0265625
1 0.0921875 0.82890625 0.025 0.0203125
1 0.00703125 0.8171875 0.0140625 0.025
2 0.66796875 0.8265625 0.0421875 0.04375
1 0.4390625 0.91640625 0.0171875 0.01875
1 0.45078125 0.975 0.01875 0.0203125
1 0.64765625 0.78828125 0.015625 0.0328125
1 0.54921875 0.69296875 0.0234375 0.0453125
2 0.684375 0.99609375 0.034375 0.0078125
2 0.246875 0.88671875 0.03125 0.0203125
1 0.4875 0.97890625 0.0171875 0.0234375
1 0.30625 0.82578125 0.03125 0.0265625
1 0.28046875 0.80390625 0.028125 0.021875
2 0.80234375 0.78515625 0.034375 0.034375
1 0.64609375 0.959375 0.0171875 0.0234375
1 0.515625 0.86328125 0.034375 0.0328125
1 0.42421875 0.86953125 0.0171875 0.03125
1 0.46484375 0.990625 0.015625 0.0171875
1 0.3875 0.9046875 0.015625 0.0296875
1 0.284375 0.79921875 0.028125 0.021875