2 0.04375 0.659375 0.040625 0.0546875
1 0.74609375 0.240625 0.034375 0.0375
1 0.74296875 0.72421875 0.065625 0.06328125
1 0.93046875 0.6890625 0.07734375 0.05078125
1 0.97421875 0.81953125 0.0515625 0.0609375
2 0.31953125 0.8109375 0.040625 0.0625
1 0.7390625 0.5296875 0.04375 0.04140625
1 0.59765625 0.6890625 0.0640625 0.05703125
1 0.8671875 0.40078125 0.05625 0.0421875
1 0.68203125 0.59609375 0.03125 0.04765625
1 0.78671875 0.4671875 0.02265625 0.0609375
2 0.478125 0.69375 0.03671875 0.09609375
2 0.1828125 0.75390625 0.04140625 0.078125
1 0.41015625 0.47109375 0.02890625 0.06015625
1 0.83515625 0.23671875 0.0171875 0.0328125
1 0.86328125 0.24921875 0.03515625 0.02578125
1 0.9203125 0.259375 0.01875 0.0296875
1 0.12421875 0.4296875 0.03046875 0.02578125
1 0.92734375 0.290625 0.0296875 0.02421875
1 0.096875 0.41171875 0.02734375 0.02265625
1 0.96171875 0.58515625 0.0296875 0.0765625
1 0.81484375 0.23671875 0.03046875 0.03671875
2 0.06953125 0.6125 0.03046875 0.040625
1 0.9703125 0.44375 0.05546875 0.03984375
1 0.76796875 0.21484375 0.028125 0.03203125
1 0.9875 0.58515625 0.02421875 0.084375
4 0.2828125 0.49453125 0.00546875 0.01171875
4 0.32890625 0.52421875 0.00546875 0.01171875
4 0.17109375 0.428125 0.00390625 0.01015625
4 0.1671875 0.4265625 0.00390625 0.01015625
1 0.2359375 0.9546875 0.0640625 0.0890625