1 0.64140625 0.675 0.0453125 0.0203125
1 0.12734375 0.62421875 0.078125 0.0890625
1 0.76484375 0.6375 0.0171875 0.0171875
1 0.95078125 0.1859375 0.01875 0.0140625
3 0.684375 0.2859375 0.0140625 0.0203125
1 0.815625 0.390625 0.0203125 0.0140625
1 0.753125 0.0078125 0.0171875 0.015625
2 0.8546875 0.56796875 0.0328125 0.046875
4 0.99765625 0.63515625 0.0046875 0.0015625
3 0.96328125 0.29296875 0.0140625 0.0109375
1 0.12421875 0.53984375 0.0765625 0.0859375
2 0.06796875 0.85 0.0640625 0.0546875
1 0.90390625 0.30078125 0.0328125 0.0234375
1 0.7640625 0.64609375 0.021875 0.0296875
4 0.42421875 0.56953125 0.015625 0.0046875
1 0.6125 0.75 0.03125 0.028125
1 0.6671875 0.59140625 0.040625 0.01875
1 0.9421875 0.85 0.0265625 0.0140625
1 0.98203125 0.39609375 0.0203125 0.0265625
1 0.896875 0.18125 0.0203125 0.0140625
2 0.15703125 0.7703125 0.115625 0.040625
1 0.865625 0.20390625 0.0265625 0.01875
1 0.86640625 0.33515625 0.0359375 0.0265625
1 0.8125 0.403125 0.0359375 0.0265625
1 0.9546875 0.45703125 0.03125 0.03125
2 0.95078125 0.5015625 0.0296875 0.0234375
2 0.9171875 0.49296875 0.0375 0.034375
2 0.99140625 0.5078125 0.0171875 0.03125
1 0.903125 0.60078125 0.01875 0.0296875
4 0.99765625 0.63359375 0.0046875 0.0015625
1 0.88984375 0.88984375 0.0265625 0.0140625
1 0.69296875 0.92890625 0.0515625 0.0484375
1 0.68046875 0.56015625 0.0421875 0.03125
1 0.61953125 0.76640625 0.0640625 0.0421875
1 0.48125 0.7125 0.065625 0.0671875
1 0.14140625 0.4640625 0.1078125 0.0453125
3 0.9734375 0.31484375 0.0140625 0.0109375