1 0.49140625 0.31171875 0.015625 0.04375
1 0.9203125 0.121875 0.0265625 0.0359375
1 0.846875 0.03671875 0.015625 0.025
4 0.7 0.0078125 0.003125 0.009375
4 0.7265625 0.00078125 0.003125 0.0015625
4 0.8578125 0.16875 0.003125 0.0109375
3 0.82734375 0.0140625 0.00625 0.0125
4 0.85234375 0.153125 0.0046875 0.0125
1 0.4234375 0.1359375 0.0296875 0.0234375
2 0.3140625 0.01875 0.0125 0.025
1 0.484375 0.52890625 0.03125 0.05625
4 0.709375 0.01015625 0.003125 0.009375
1 0.25078125 0.140625 0.0265625 0.0203125