1 0.021875 0.56953125 0.04296875 0.05625
1 0.378125 0.10859375 0.025 0.01875
1 0.0890625 0.44921875 0.0328125 0.03046875
1 0.08359375 0.496875 0.03125 0.05078125
1 0.32734375 0.12578125 0.02109375 0.02421875
1 0.721875 0.5328125 0.04453125 0.03828125
1 0.60546875 0.1515625 0.01875 0.02265625
1 0.175 0.04375 0.02421875 0.01953125
1 0.14375 0.15703125 0.025 0.02734375
1 0.10546875 0.42265625 0.04453125 0.0296875
1 0.17265625 0.03515625 0.02578125 0.02265625
1 0.175 0.0421875 0.02578125 0.0203125
1 0.2 0.03203125 0.0203125 0.025
1 0.646875 0.05546875 0.0125 0.01875
1 0.0515625 0.06796875 0.015625 0.021875
1 0.17734375 0.04921875 0.02265625 0.02265625
1 0.33125 0.10546875 0.0234375 0.01953125
1 0.33984375 0.1046875 0.01484375 0.01953125
1 0.14765625 0.25546875 0.02265625 0.021875
1 0.15 0.2703125 0.0203125 0.02578125
1 0.6359375 0.07890625 0.01484375 0.02109375
1 0.6109375 0.04296875 0.0171875 0.0171875
1 0.10859375 0.19140625 0.02265625 0.01953125
1 0.14765625 0.27265625 0.01953125 0.02578125
1 0.59453125 0.59375 0.01875 0.025
1 0.16015625 0.26484375 0.021875 0.0234375
1 0.615625 0.04296875 0.01796875 0.01640625
1 0.05234375 0.0765625 0.0140625 0.02109375
1 0.33125 0.11484375 0.02265625 0.015625
1 0.6109375 0.61640625 0.03671875 0.0515625
1 0.1453125 0.2734375 0.01953125 0.02578125
1 0.10546875 0.42109375 0.04609375 0.03125
1 0.6375 0.0796875 0.015625 0.021875
1 0.30703125 0.12109375 0.01953125 0.02421875
1 0.146875 0.159375 0.025 0.03046875
1 0.32734375 0.12578125 0.02265625 0.0265625
1 0.19453125 0.01328125 0.02265625 0.02109375
2 0.2890625 0.115625 0.0171875 0.02265625
1 0.30625 0.128125 0.02109375 0.02265625
1 0.175 0.034375 0.025 0.02421875
1 0.18828125 0.01171875 0.01796875 0.01953125
1 0.05 0.0640625 0.015625 0.0203125
1 0.16484375 0.26484375 0.01796875 0.02265625
1 0.6328125 0.07734375 0.01484375 0.021875
2 0.2375 0.20859375 0.01953125 0.01953125
1 0.1359375 0.27421875 0.021875 0.02265625
1 0.165625 0.26171875 0.01640625 0.01953125
1 0.64921875 0.15078125 0.01171875 0.02265625
1 0.14375 0.26796875 0.02421875 0.028125
1 0.17578125 0.0265625 0.02578125 0.021875
1 0.61015625 0.03515625 0.01796875 0.021875
1 0.64765625 0.14921875 0.0109375 0.02265625
1 0.09453125 0.44921875 0.02890625 0.03046875
1 0.61171875 0.6140625 0.03671875 0.05859375
1 0.4234375 0.08359375 0.01484375 0.01875
1 0.1890625 0.0109375 0.02109375 0.01953125
1 0.109375 0.19375 0.01875 0.02421875
1 0.14140625 0.1546875 0.025 0.0265625
2 0.1796875 0.72890625 0.06171875 0.03828125
1 0.15 0.259375 0.0234375 0.0203125
1 0.19921875 0.0234375 0.0203125 0.02109375
1 0.665625 0.87109375 0.0625 0.09375
1 0.89765625 0.89296875 0.0796875 0.10390625
2 0.125 0.63515625 0.053125 0.04921875
1 0.0734375 0.2359375 0.0328125 0.03203125
2 0.2609375 0.08125 0.0234375 0.040625