1 0.45703125 0.9734375 0.0265625 0.0265625
1 0.32265625 0.9890625 0.0265625 0.021875
1 0.540625 0.86015625 0.0328125 0.0328125
2 0.68125 0.79140625 0.021875 0.03125
1 0.53203125 0.928125 0.0328125 0.0265625
1 0.41171875 0.9640625 0.028125 0.0296875
1 0.73515625 0.31796875 0.071875 0.0703125
1 0.546875 0.7953125 0.0203125 0.021875
1 0.53046875 0.93046875 0.0328125 0.0265625
1 0.66796875 0.72734375 0.0234375 0.028125
1 0.55859375 0.990625 0.0296875 0.01875
2 0.6203125 0.82578125 0.028125 0.034375
1 0.6953125 0.9125 0.025 0.0234375
1 0.765625 0.8390625 0.025 0.0234375
2 0.64375 0.63828125 0.053125 0.04375
1 0.2828125 0.99765625 0.021875 0.0046875
1 0.32109375 0.9890625 0.0265625 0.021875
1 0.5515625 0.79140625 0.0328125 0.0265625
4 0.4359375 0.9921875 0.0046875 0.009375
1 0.45546875 0.9734375 0.028125 0.0265625
2 0.5828125 0.79375 0.0234375 0.028125
1 0.765625 0.83984375 0.0296875 0.0265625
1 0.67265625 0.89453125 0.021875 0.021875
1 0.67578125 0.89140625 0.021875 0.021875
1 0.66953125 0.89609375 0.0234375 0.01875
1 0.53203125 0.92890625 0.0359375 0.0296875
1 0.5984375 0.38515625 0.065625 0.05
4 0.73125 0.7625 0.0046875 0.0109375
3 0.921875 0.39296875 0.034375 0.0546875
1 0.63828125 0.73046875 0.028125 0.0265625
4 0.42109375 0.4875 0.00625 0.0125
1 0.32890625 0.98984375 0.0296875 0.0203125
4 0.4265625 0.48671875 0.00625 0.0125
4 0.4234375 0.48828125 0.00625 0.0125
4 0.38359375 0.50546875 0.00625 0.0125
2 0.60078125 0.84375 0.021875 0.021875
4 0.928125 0.64453125 0.00625 0.0125
4 0.97109375 0.33125 0.0109375 0.0171875
4 0.93359375 0.63125 0.00625 0.0125
3 0.92890625 0.41640625 0.0375 0.0359375
1 0.74296875 0.45 0.04375 0.0875
1 0.69140625 0.93515625 0.025 0.0234375
1 0.64296875 0.97109375 0.0203125 0.021875
1 0.625 0.93515625 0.0234375 0.03125
1 0.5921875 0.96875 0.015625 0.0265625