1 0.67734375 0.49375 0.065625 0.0671875
1 0.521875 0.79765625 0.084375 0.1203125
3 0.0203125 0.4671875 0.040625 0.0375
3 0.8515625 0.8984375 0.046875 0.0546875
1 0.3953125 0.59375 0.065625 0.0875
1 0.41015625 0.58046875 0.0328125 0.0453125
1 0.1546875 0.38046875 0.0671875 0.0515625
1 0.57265625 0.053125 0.025 0.021875
4 0.071875 0.4890625 0.009375 0.0140625
4 0.0703125 0.48203125 0.0078125 0.0125
4 0.0015625 0.50703125 0.003125 0.0140625
4 0.23203125 0.46796875 0.009375 0.0140625
4 0.21015625 0.46953125 0.009375 0.0140625