1 0.17890625 0.82578125 0.08125 0.1046875
1 0.26328125 0.30859375 0.0328125 0.05
1 0.61640625 0.134375 0.0359375 0.03125
1 0.8203125 0.075 0.021875 0.034375
1 0.884375 0.31015625 0.0484375 0.0515625
1 0.3640625 0.246875 0.040625 0.0296875
2 0.40390625 0.24765625 0.0296875 0.0265625
2 0.3859375 0.228125 0.0265625 0.0171875
2 0.64609375 0.1359375 0.0484375 0.0546875
2 0.61796875 0.04609375 0.028125 0.034375
1 0.82578125 0.103125 0.021875 0.034375
2 0.54453125 0.08125 0.04375 0.046875
4 0.43359375 0.08828125 0.0046875 0.009375
4 0.46328125 0.0609375 0.0046875 0.009375
2 0.334375 0.6015625 0.06875 0.1140625