0 0.3765625 0.3234375 0.03984375 0.075
2 0.55625 0.4359375 0.02890625 0.07734375
1 0.85625 0.16640625 0.021875 0.01640625
4 0.296875 0.28203125 0.0046875 0.01171875
4 0.41484375 0.32578125 0.00625 0.01640625
4 0.2765625 0.28046875 0.0046875 0.01484375
1 0.31328125 0.25859375 0.02890625 0.04375
1 0.2203125 0.07109375 0.0265625 0.0265625
1 0.36953125 0.1765625 0.0328125 0.0234375
1 0.73671875 0.22421875 0.0171875 0.04375
1 0.29140625 0.21953125 0.02890625 0.03671875
1 0.24921875 0.0546875 0.02421875 0.0234375
1 0.27421875 0.04140625 0.01640625 0.02421875
1 0.47265625 0.1078125 0.02890625 0.028125
1 0.45625 0.046875 0.01953125 0.015625
1 0.73046875 0.1140625 0.02265625 0.01796875
1 0.5546875 0.1 0.02890625 0.01953125
1 0.45625 0.03671875 0.01953125 0.015625
1 0.45625 0.01640625 0.01953125 0.015625
2 0.271875 0.17421875 0.040625 0.03515625
2 0.315625 0.121875 0.0265625 0.025
2 0.34453125 0.0765625 0.02578125 0.021875
1 0.09375 0.00703125 0.0203125 0.0140625
1 0.2171875 0.1546875 0.0265625 0.01796875
1 0.2765625 0.01953125 0.02890625 0.0171875
3 0.91484375 0.17421875 0.01171875 0.0140625