1 0.4375 0.45 0.0703125 0.0625
3 0.53203125 0.82578125 0.0328125 0.028125
4 0.68125 0.5609375 0.0125 0.003125
3 0.9703125 0.71875 0.015625 0.009375
4 0.7390625 0.60859375 0.009375 0.003125
1 0.2953125 0.46640625 0.09375 0.040625
1 0.39296875 0.31875 0.0453125 0.0640625
1 0.95078125 0.36328125 0.03125 0.01875
3 0.43828125 0.6359375 0.0515625 0.028125
3 0.353125 0.73515625 0.0515625 0.028125
3 0.071875 0.85703125 0.0859375 0.0515625
4 0.72578125 0.58203125 0.0125 0.003125
4 0.7796875 0.55 0.0125 0.003125
4 0.77578125 0.56796875 0.0125 0.003125