1 0.86953125 0.46484375 0.025 0.028125
1 0.80234375 0.1 0.0390625 0.0328125
1 0.85078125 0.42734375 0.025 0.0296875
1 0.9796875 0.16015625 0.025 0.0234375
1 0.796875 0.296875 0.025 0.0328125
1 0.88828125 0.50234375 0.0265625 0.0265625
1 0.8625 0.3671875 0.0234375 0.0296875
1 0.66640625 0.75546875 0.0296875 0.0359375
1 0.82421875 0.17578125 0.0328125 0.0203125
1 0.89765625 0.16171875 0.0296875 0.0203125
1 0.84609375 0.33359375 0.0234375 0.025
1 0.55546875 0.7828125 0.059375 0.01875
2 0.9125 0.0796875 0.0265625 0.025
1 0.82265625 0.32734375 0.025 0.0265625
1 0.30234375 0.74765625 0.0703125 0.028125
2 0.5640625 0.40546875 0.021875 0.028125
1 0.89453125 0.1609375 0.028125 0.0171875
1 0.8015625 0.1015625 0.0421875 0.0328125
1 0.84375 0.3609375 0.0234375 0.0265625
2 0.4640625 0.06953125 0.103125 0.0640625
1 0.340625 0.2859375 0.04375 0.0484375
1 0.28359375 0.16953125 0.078125 0.053125
1 0.896875 0.15859375 0.028125 0.0171875
1 0.825 0.1765625 0.0359375 0.021875
1 0.846875 0.3640625 0.0234375 0.028125
1 0.85703125 0.365625 0.0203125 0.03125
1 0.9546875 0.11875 0.0265625 0.0265625
1 0.821875 0.30234375 0.021875 0.0265625
1 0.63828125 0.009375 0.028125 0.0078125
1 0.63359375 0.01015625 0.03125 0.0078125
1 0.9546875 0.1265625 0.0234375 0.0265625
1 0.84453125 0.35703125 0.0234375 0.0265625
1 0.53125 0.80078125 0.034375 0.0140625
1 0.81796875 0.3 0.0234375 0.0296875
1 0.99609375 0.04765625 0.0078125 0.0234375
2 0.340625 0.09296875 0.0859375 0.0484375
1 0.82421875 0.309375 0.0265625 0.0296875
1 0.83046875 0.33203125 0.01875 0.0265625
1 0.84453125 0.3328125 0.0265625 0.0265625
1 0.86796875 0.46328125 0.0265625 0.0296875
1 0.82265625 0.32265625 0.0234375 0.0265625
1 0.8484375 0.33359375 0.0296875 0.028125
1 0.90234375 0.16484375 0.0296875 0.0203125
1 0.359375 0.1984375 0.065625 0.059375
1 0.996875 0.04765625 0.00625 0.0265625
1 0.66328125 0.759375 0.0265625 0.0375
1 0.8453125 0.33671875 0.0234375 0.0265625
1 0.82109375 0.32890625 0.0265625 0.0265625
1 0.30234375 0.75 0.0703125 0.0296875
1 0.52421875 0.803125 0.0328125 0.0171875
1 0.8703125 0.465625 0.0265625 0.0296875
1 0.34296875 0.284375 0.0453125 0.0515625
1 0.53046875 0.80234375 0.0359375 0.015625
4 0.68359375 0.21875 0.0125 0.0046875
1 0.80078125 0.2984375 0.0203125 0.03125
1 0.8609375 0.37109375 0.0234375 0.0296875
1 0.825 0.17890625 0.0359375 0.0234375
1 0.6703125 0.7671875 0.0234375 0.021875
3 0.04140625 0.12109375 0.0328125 0.0421875
1 0.97109375 0.1625 0.0234375 0.0203125
2 0.5671875 0.39140625 0.025 0.0296875
1 0.8203125 0.30078125 0.021875 0.028125
2 0.42109375 0.08984375 0.08125 0.0515625