2 0.62734375 0.28984375 0.028125 0.02265625
1 0.18984375 0.39375 0.02578125 0.0328125
0 0.58984375 0.5078125 0.0375 0.0328125
1 0.6125 0.43515625 0.01484375 0.021875
1 0.759375 0.6484375 0.0359375 0.02421875
3 0.340625 0.13203125 0.0125 0.015625
1 0.653125 0.37421875 0.02734375 0.02578125
2 0.61640625 0.384375 0.0296875 0.01796875
1 0.7359375 0.6484375 0.034375 0.03515625
1 0.578125 0.06875 0.03125 0.015625
1 0.6171875 0.38203125 0.03046875 0.02265625
1 0.69609375 0.36484375 0.0125 0.0203125
3 0.43984375 0.03046875 0.0140625 0.0171875
3 0.31171875 0.20234375 0.01875 0.015625
1 0.51015625 0.08359375 0.0140625 0.03203125
1 0.15234375 0.3328125 0.02578125 0.0328125
1 0.26875 0.2953125 0.03359375 0.04765625
1 0.2421875 0.2328125 0.025 0.04375
1 0.32578125 0.403125 0.0328125 0.04765625
1 0.14296875 0.22265625 0.015625 0.02890625
1 0.3859375 0.2203125 0.03671875 0.025
1 0.49609375 0.25390625 0.0421875 0.03671875
2 0.5359375 0.334375 0.05234375 0.04140625
2 0.55 0.26015625 0.0375 0.03359375
2 0.56953125 0.17578125 0.03203125 0.03828125
4 0.72421875 0.18515625 0.00234375 0.00859375
4 0.72109375 0.18515625 0.00234375 0.00859375
1 0.94921875 0.34921875 0.034375 0.03515625
1 0.56796875 0.68828125 0.05 0.07734375
3 0.36015625 0.7890625 0.02578125 0.025