1 0.73515625 0.75078125 0.0640625 0.0609375
1 0.97578125 0.2921875 0.02578125 0.05078125
2 0.68125 0.44453125 0.0265625 0.0640625
1 0.9515625 0.2078125 0.02265625 0.03671875
1 0.85859375 0.0140625 0.02578125 0.02421875
1 0.23203125 0.028125 0.01015625 0.03125
2 0.77578125 0.8109375 0.071875 0.034375
1 0.8796875 0.0328125 0.025 0.03203125
2 0.8109375 0.7921875 0.05546875 0.05078125
2 0.93984375 0.15546875 0.0375 0.06015625
2 0.57109375 0.5296875 0.0375 0.0453125
2 0.59140625 0.49765625 0.03671875 0.03515625
4 0.39765625 0.49765625 0.0046875 0.01484375
4 0.4078125 0.4765625 0.00390625 0.0125