1 0.95390625 0.66796875 0.053125 0.0640625
1 0.696875 0.13203125 0.028125 0.0234375
1 0.9125 0.53359375 0.040625 0.0375
1 0.9078125 0.5828125 0.040625 0.05625
1 0.74375 0.16015625 0.0265625 0.0296875
1 0.2625 0.48203125 0.053125 0.046875
1 0.46015625 0.12734375 0.0234375 0.0265625
1 0.9125 0.1109375 0.028125 0.025
1 0.9203125 0.23046875 0.0296875 0.0328125
1 0.9015625 0.50390625 0.0515625 0.040625
1 0.91796875 0.10234375 0.0296875 0.0265625
1 0.91328125 0.10859375 0.03125 0.0265625
1 0.890625 0.09375 0.0265625 0.0296875
1 0.43984375 0.021875 0.015625 0.0203125
1 0.909375 0.115625 0.028125 0.028125
1 0.74375 0.13984375 0.0265625 0.025
1 0.73515625 0.1359375 0.01875 0.021875
1 0.89609375 0.328125 0.0265625 0.0265625
1 0.88984375 0.34140625 0.0265625 0.03125
1 0.4453125 0.04765625 0.0203125 0.025
1 0.478125 0.01796875 0.0203125 0.021875
1 0.94765625 0.27265625 0.025 0.025
1 0.8921875 0.34453125 0.0234375 0.0296875
1 0.37734375 0.5703125 0.0234375 0.028125
1 0.88046875 0.33515625 0.0265625 0.028125
1 0.47265625 0.01640625 0.021875 0.01875
1 0.74140625 0.1484375 0.025 0.0203125
1 0.35625 0.5890625 0.0484375 0.059375
1 0.89375 0.34609375 0.025 0.028125
1 0.903125 0.50234375 0.053125 0.040625
1 0.44375 0.04765625 0.0203125 0.025
1 0.76484375 0.16015625 0.0234375 0.028125
1 0.9171875 0.2328125 0.03125 0.0359375
1 0.74296875 0.16015625 0.0265625 0.03125
1 0.9 0.08046875 0.025 0.0171875
2 0.78359375 0.1578125 0.021875 0.0265625
1 0.7640625 0.1671875 0.0265625 0.028125
1 0.91484375 0.10078125 0.0296875 0.0296875
1 0.90625 0.08046875 0.0203125 0.0140625
1 0.8765625 0.334375 0.0234375 0.0265625
1 0.4484375 0.046875 0.0203125 0.025
2 0.81484375 0.26171875 0.0234375 0.021875
1 0.90234375 0.34921875 0.0265625 0.028125
1 0.8765625 0.3296875 0.01875 0.021875
1 0.4171875 0.11640625 0.0171875 0.0234375
1 0.896875 0.340625 0.0296875 0.0328125
1 0.91640625 0.09296875 0.0296875 0.0265625
1 0.48046875 0.0109375 0.0234375 0.021875
1 0.41796875 0.115625 0.0171875 0.025
1 0.9078125 0.5328125 0.0359375 0.0375
1 0.35625 0.58671875 0.0484375 0.065625
1 0.65703125 0.096875 0.01875 0.021875
1 0.9046875 0.0796875 0.0234375 0.0140625
1 0.94609375 0.275 0.0234375 0.028125
1 0.92265625 0.228125 0.0296875 0.03125
2 0.7625 0.79375 0.06875 0.0515625
1 0.8921875 0.33125 0.028125 0.025
1 0.89296875 0.08515625 0.0265625 0.0265625
1 0.24765625 0.83203125 0.0828125 0.1078125
1 0.03125 0.80546875 0.0625 0.1203125
2 0.8375 0.7125 0.0640625 0.0609375
1 0.9734375 0.32421875 0.040625 0.0390625
2 0.81953125 0.13046875 0.0328125 0.0453125