1 0.78125 0.26953125 0.0453125 0.05
1 0.80390625 0.15 0.0375 0.04375
2 0.77890625 0.5703125 0.053125 0.0453125
1 0.7875 0.47734375 0.034375 0.0390625
1 0.67890625 0.70078125 0.059375 0.046875
3 0.78125 0.321875 0.028125 0.0234375
2 0.7265625 0.76015625 0.046875 0.03125
1 0.83125 0.27265625 0.0359375 0.0390625
1 0.80078125 0.44375 0.0296875 0.028125
1 0.9609375 0.31875 0.0390625 0.0453125
1 0.85390625 0.3796875 0.0421875 0.028125
1 0.871875 0.2625 0.0328125 0.03125
1 0.8375 0.4421875 0.028125 0.0203125
3 0.41796875 0.48359375 0.0390625 0.034375
1 0.87265625 0.2453125 0.0328125 0.0359375
1 0.8375 0.64609375 0.0390625 0.0265625
1 0.87890625 0.25625 0.046875 0.0421875
1 0.8765625 0.41171875 0.0328125 0.0328125
2 0.7390625 0.6734375 0.0640625 0.04375
4 0.8375 0.821875 0.009375 0.0046875
4 0.8359375 0.82421875 0.009375 0.0046875
4 0.825 0.71328125 0.009375 0.0046875
4 0.825 0.71015625 0.009375 0.0046875