1 0.3921875 0.01875 0.02421875 0.0171875
1 0.62109375 0.4578125 0.05078125 0.05
1 0.2484375 0.67421875 0.059375 0.0515625
2 0.184375 0.9671875 0.09609375 0.065625
1 0.98203125 0.46875 0.0359375 0.13515625
4 0.29453125 0.16640625 0.0125 0.01953125
1 0.040625 0.09296875 0.0296875 0.03984375
3 0.20703125 0.940625 0.0234375 0.06171875
2 0.209375 0.47578125 0.05703125 0.0546875
1 0.20703125 0.11875 0.02109375 0.02890625
2 0.12421875 0.640625 0.07109375 0.053125
1 0.221875 0.11875 0.02109375 0.02890625
1 0.05625 0.1 0.02109375 0.02890625
1 0.20234375 0.0515625 0.02421875 0.028125
1 0.57890625 0.05703125 0.01640625 0.0234375
1 0.61015625 0.0296875 0.009375 0.025
1 0.60546875 0.01171875 0.009375 0.021875
1 0.4328125 0.18671875 0.02734375 0.01953125
1 0.53203125 0.35390625 0.03125 0.04140625
1 0.59375 0.340625 0.03203125 0.040625
1 0.6078125 0.334375 0.03671875 0.040625
1 0.12109375 0.83203125 0.06015625 0.11015625
1 0.05078125 0.540625 0.03828125 0.03359375
1 0.08984375 0.3234375 0.04140625 0.04609375
1 0.1421875 0.290625 0.0296875 0.03671875
1 0.184375 0.253125 0.025 0.0328125
1 0.1875 0.21484375 0.0421875 0.03515625
1 0.35625 0.01640625 0.02421875 0.0171875
1 0.34765625 0.02734375 0.02421875 0.0171875
1 0.33671875 0.03046875 0.02421875 0.0171875
1 0.72265625 0.3171875 0.03515625 0.02734375
1 0.73125 0.6015625 0.03359375 0.07890625