1 0.08984375 0.34765625 0.03125 0.0296875
2 0.04296875 0.14765625 0.03125 0.046875
1 0.68828125 0.28828125 0.084375 0.05625
1 0.490625 0.30546875 0.06875 0.0421875
1 0.340625 0.3921875 0.0609375 0.0328125
2 0.6453125 0.77421875 0.0390625 0.0671875
1 0.58984375 0.25 0.09375 0.059375
2 0.1859375 0.32109375 0.0328125 0.0328125
1 0.37265625 0.16640625 0.053125 0.021875
1 0.03515625 0.36484375 0.0328125 0.0140625
2 0.1125 0.21640625 0.040625 0.04375
1 0.29921875 0.475 0.0546875 0.025
1 0.325 0.5828125 0.040625 0.028125
1 0.284375 0.6046875 0.0359375 0.025
1 0.26328125 0.63671875 0.0296875 0.0328125
1 0.3015625 0.57734375 0.0421875 0.025
2 0.04140625 0.20234375 0.03125 0.0390625
2 0.0515625 0.09921875 0.028125 0.0453125
1 0.21484375 0.42578125 0.046875 0.021875
1 0.5921875 0.33046875 0.084375 0.0515625
2 0.865625 0.50703125 0.159375 0.0703125