1 0.93359375 0.909375 0.0265625 0.0296875
1 0.4296875 0.95703125 0.015625 0.0234375
1 0.95625 0.596875 0.03125 0.0453125
1 0.99453125 0.534375 0.0109375 0.05
1 0.64921875 0.73515625 0.0390625 0.0265625
1 0.2453125 0.39609375 0.0609375 0.06875
1 0.96171875 0.640625 0.0296875 0.0296875
1 0.46953125 0.94140625 0.0203125 0.025
1 0.940625 0.65 0.0359375 0.0296875
1 0.94609375 0.66484375 0.0421875 0.03125
1 0.70390625 0.9703125 0.028125 0.0234375
1 0.30703125 0.5921875 0.0421875 0.0375
1 0.41875 0.3765625 0.0609375 0.0828125
1 0.2234375 0.13671875 0.075 0.1234375
2 0.92734375 0.19140625 0.0921875 0.0671875
1 0.98046875 0.875 0.0265625 0.0265625
1 0.74296875 0.971875 0.0203125 0.0203125
1 0.7515625 0.95546875 0.0234375 0.0203125
1 0.909375 0.803125 0.0234375 0.025
1 0.91875 0.815625 0.025 0.0296875
1 0.76796875 0.9453125 0.0234375 0.0234375
2 0.83828125 0.4140625 0.05625 0.04375
2 0.9078125 0.48515625 0.059375 0.053125
1 0.9015625 0.81328125 0.0203125 0.0265625
1 0.76953125 0.95703125 0.0234375 0.0203125
2 0.79296875 0.959375 0.0203125 0.0234375
1 0.9625 0.92265625 0.0203125 0.0203125
1 0.95546875 0.87734375 0.0296875 0.0265625
1 0.64140625 0.90234375 0.0171875 0.0203125
1 0.43046875 0.52265625 0.053125 0.071875
3 0.7984375 0.70234375 0.0171875 0.0265625
2 0.83203125 0.865625 0.0234375 0.0203125
4 0.8546875 0.79296875 0.0046875 0.0125
4 0.78984375 0.82734375 0.003125 0.0109375
2 0.81796875 0.971875 0.03125 0.015625