1 0.70078125 0.13671875 0.02890625 0.028125
1 0.846875 0.5 0.05703125 0.040625
2 0.3625 0.48203125 0.03359375 0.0375
1 0.803125 0.1453125 0.028125 0.02265625
1 0.58359375 0.4296875 0.04296875 0.03359375
2 0.48203125 0.42265625 0.03671875 0.06328125
1 0.79453125 0.24609375 0.04375 0.03359375
1 0.65 0.43125 0.04609375 0.0390625
1 0.8296875 0.428125 0.05234375 0.03515625
1 0.8671875 0.18046875 0.01796875 0.01875
2 0.14609375 0.396875 0.03125 0.040625
3 0.734375 0.52890625 0.0234375 0.0296875
1 0.721875 0.32421875 0.02109375 0.04375
1 0.84765625 0.15234375 0.0203125 0.02109375
1 0.85234375 0.17578125 0.0265625 0.0203125
2 0.64140625 0.36875 0.02265625 0.03671875
1 0.7640625 0.134375 0.01875 0.02734375
1 0.74921875 0.43046875 0.03515625 0.040625
1 0.72578125 0.11640625 0.02109375 0.0296875
2 0.3703125 0.47421875 0.04921875 0.053125
1 0.77734375 0.134375 0.0140625 0.02265625
2 0.9875 0.15 0.0234375 0.0359375
1 0.4234375 0.3046875 0.01875 0.0375
1 0.3078125 0.55546875 0.046875 0.06328125
1 0.87734375 0.36796875 0.02421875 0.046875
1 0.96875 0.49375 0.040625 0.0296875
1 0.934375 0.1671875 0.0171875 0.025
1 0.68671875 0.3265625 0.03515625 0.03984375
3 0.91484375 0.52734375 0.025 0.0234375
1 0.34609375 0.32421875 0.0046875 0.0125
1 0.33046875 0.31484375 0.0046875 0.0125
2 0.26015625 0.45703125 0.03125 0.0640625
1 0.85 0.36328125 0.01484375 0.046875