1 0.35703125 0.771875 0.0296875 0.040625
1 0.05859375 0.9328125 0.034375 0.0203125
1 0.12578125 0.95546875 0.0296875 0.03125
1 0.28203125 0.70390625 0.0234375 0.01875
1 0.26328125 0.6890625 0.03125 0.0375
2 0.69140625 0.6546875 0.0515625 0.0703125
1 0.2515625 0.57578125 0.03125 0.028125
1 0.65078125 0.1734375 0.071875 0.0234375
1 0.49765625 0.21953125 0.0375 0.0421875
1 0.321875 0.7390625 0.0296875 0.040625
1 0.33671875 0.76796875 0.0296875 0.040625
1 0.28984375 0.7234375 0.0296875 0.040625
1 0.27734375 0.61796875 0.03125 0.0375
1 0.22109375 0.53125 0.03125 0.028125
1 0.74453125 0.15625 0.071875 0.0296875
4 0.55078125 0.15390625 0.0125 0.0046875
1 0.071875 0.98515625 0.028125 0.015625
1 0.34375 0.92109375 0.0453125 0.040625
1 0.24453125 0.9375 0.046875 0.0328125
4 0.509375 0.8578125 0.015625 0.00625