1 0.0296875 0.34375 0.021875 0.0265625
1 0.45 0.62265625 0.0546875 0.05625
1 0.71015625 0.2671875 0.059375 0.065625
2 0.9875 0.23203125 0.025 0.1015625
1 0.42421875 0.98203125 0.1390625 0.0359375
4 0.18984375 0.26015625 0.0203125 0.0140625
1 0.1421875 0.00625 0.04375 0.0125
3 0.97578125 0.25390625 0.0484375 0.0296875
2 0.5125 0.20703125 0.0625 0.0640625
1 0.15 0.16640625 0.0296875 0.025
2 0.68984375 0.13828125 0.0609375 0.0765625
1 0.1484375 0.18125 0.0296875 0.025
1 0.14765625 0.01171875 0.0296875 0.0234375
1 0.0828125 0.15390625 0.03125 0.028125
1 0.04765625 0.5375 0.0265625 0.01875
1 0.01796875 0.56640625 0.0265625 0.0125
1 0.00546875 0.55859375 0.0109375 0.0109375
1 0.1953125 0.403125 0.0234375 0.0296875
1 0.3546875 0.521875 0.0453125 0.0359375
1 0.334375 0.58203125 0.04375 0.0375
1 0.3265625 0.59609375 0.04375 0.0421875
1 0.88359375 0.15546875 0.11875 0.0734375
1 0.5953125 0.053125 0.0375 0.0421875
1 0.37109375 0.06875 0.0515625 0.046875
1 0.33203125 0.11875 0.040625 0.034375
1 0.2890625 0.15703125 0.0375 0.028125
1 0.25 0.15625 0.040625 0.046875
1 0.03046875 0.30703125 0.021875 0.0265625
1 0.04296875 0.29921875 0.021875 0.0265625
1 0.046875 0.28828125 0.021875 0.0265625
1 0.296875 0.7109375 0.03125 0.0390625
1 0.584375 0.75 0.084375 0.0421875