1 0.39375 0.29765625 0.04375 0.053125
2 0.6984375 0.19765625 0.0546875 0.03125
2 0.95078125 0.6375 0.0328125 0.0359375
2 0.8578125 0.6171875 0.0265625 0.040625
2 0.9171875 0.61875 0.0375 0.0375
4 0.93359375 0.67421875 0.009375 0.003125
3 0.77734375 0.81796875 0.0296875 0.0140625
3 0.74453125 0.865625 0.0234375 0.0140625
4 0.59453125 0.9015625 0.0125 0.0078125
4 0.584375 0.85546875 0.01875 0.0078125
3 0.78671875 0.82890625 0.0171875 0.0125
4 0.69375 0.86328125 0.015625 0.0109375
4 0.64921875 0.8296875 0.0125 0.0078125
4 0.584375 0.88515625 0.0125 0.0078125
4 0.5828125 0.89921875 0.0125 0.0078125
4 0.53046875 0.86953125 0.0125 0.0078125
4 0.559375 0.8796875 0.0125 0.0078125
1 0.9328125 0.53515625 0.0203125 0.028125
1 0.97109375 0.53515625 0.01875 0.025
1 0.77890625 0.69921875 0.0640625 0.0203125
1 0.709375 0.70234375 0.03125 0.0453125
1 0.740625 0.60546875 0.028125 0.0421875