1 0.5 0.15625 0.059375 0.10625
1 0.309375 0.40859375 0.065625 0.0484375
2 0.36171875 0.59921875 0.0640625 0.05
2 0.43046875 0.72578125 0.053125 0.040625
1 0.4421875 0.8046875 0.046875 0.040625
3 0.71484375 0.4046875 0.0328125 0.028125
1 0.3484375 0.1390625 0.046875 0.09375
3 0.609375 0.8921875 0.021875 0.0171875
4 0.078125 0.23671875 0.0109375 0.0171875
1 0.7921875 0.83359375 0.0234375 0.0375
1 0.77421875 0.92265625 0.021875 0.03125
1 0.32265625 0.94140625 0.0328125 0.0265625
1 0.35546875 0.1125 0.028125 0.0328125
2 0.396875 0.7765625 0.0359375 0.0453125
2 0.3609375 0.8453125 0.0359375 0.0453125
1 0.2984375 0.659375 0.046875 0.0359375
1 0.36171875 0.93984375 0.015625 0.0265625
1 0.39375 0.94609375 0.021875 0.034375
1 0.528125 0.86640625 0.0453125 0.040625
1 0.6625 0.803125 0.0390625 0.0546875
1 0.6765625 0.86640625 0.0390625 0.0515625
1 0.63125 0.69609375 0.0390625 0.0515625
1 0.77265625 0.7671875 0.034375 0.0421875
3 0.5734375 0.934375 0.0140625 0.0234375
1 0.4609375 0.3890625 0.053125 0.0921875