1 0.74140625 0.71796875 0.04375 0.046875
1 0.7640625 0.8296875 0.0359375 0.0421875
2 0.734375 0.4375 0.05 0.04375
1 0.74375 0.525 0.03125 0.0359375
1 0.6390625 0.31796875 0.0546875 0.04375
1 0.3453125 0.99375 0.05625 0.0125
3 0.740625 0.66953125 0.025 0.0203125
2 0.68203125 0.26171875 0.04375 0.0296875
1 0.78828125 0.7140625 0.034375 0.0359375
1 0.75703125 0.55546875 0.0265625 0.0265625
1 0.97890625 0.665625 0.025 0.0296875
1 0.9078125 0.66875 0.0375 0.04375
1 0.80703125 0.6140625 0.040625 0.0265625
1 0.825 0.7234375 0.0328125 0.0296875
1 0.790625 0.55546875 0.028125 0.01875
1 0.70078125 0.00546875 0.0390625 0.0109375
3 0.73359375 0.94609375 0.025 0.0296875
1 0.63203125 0.00390625 0.0359375 0.0078125
1 0.96484375 0.71484375 0.028125 0.0328125
3 0.4 0.52421875 0.0359375 0.03125
1 0.9875 0.70625 0.021875 0.0171875
1 0.82734375 0.73984375 0.0328125 0.0328125
1 0.965625 0.57578125 0.0265625 0.0328125
1 0.7875 0.36640625 0.0375 0.025
1 0.8328125 0.72890625 0.04375 0.0390625
1 0.9796875 0.61953125 0.0265625 0.0140625
1 0.978125 0.63125 0.0265625 0.0140625
1 0.98125 0.64296875 0.0265625 0.0140625
1 0.82734375 0.58359375 0.03125 0.0296875
2 0.69609375 0.3421875 0.0609375 0.0421875
4 0.78515625 0.203125 0.0078125 0.0046875
4 0.7828125 0.20078125 0.009375 0.0046875
4 0.775 0.303125 0.009375 0.0046875
4 0.775 0.30625 0.009375 0.0046875
1 0.66640625 0.00546875 0.0359375 0.0109375
1 0.340625 0.99296875 0.05625 0.0140625
1 0.9890625 0.77734375 0.021875 0.0171875