1 0.32265625 0.4640625 0.05234375 0.05390625
1 0.40234375 0.78203125 0.0578125 0.1046875
3 0.94375 0.5828125 0.03671875 0.028125
3 0.07265625 0.80546875 0.0359375 0.0453125
1 0.56484375 0.61875 0.0484375 0.075
1 0.553125 0.603125 0.0234375 0.03828125
1 0.83515625 0.47109375 0.05625 0.0375
1 0.515625 0.07578125 0.021875 0.01640625
4 0.8890625 0.59140625 0.0046875 0.01328125
4 0.8921875 0.58515625 0.00390625 0.01171875
4 0.95234375 0.62421875 0.0046875 0.01328125
4 0.74375 0.53671875 0.0046875 0.01328125
4 0.7640625 0.5421875 0.0046875 0.01328125