1 0.028125 0.64140625 0.021875 0.021875
1 0.0359375 0.77265625 0.0234375 0.021875
1 0.11875 0.53828125 0.0265625 0.0265625
2 0.15625 0.38984375 0.028125 0.015625
1 0.0546875 0.56015625 0.021875 0.028125
1 0.0453125 0.6828125 0.025 0.021875
1 0.596875 0.24140625 0.05625 0.059375
1 0.1796875 0.51953125 0.01875 0.0171875
1 0.1875 0.03125 0.0140625 0.0234375
1 0.05390625 0.5625 0.021875 0.028125
1 0.2203125 0.38984375 0.0234375 0.01875
2 0.13515625 0.45546875 0.0296875 0.021875
1 0.03671875 0.40078125 0.01875 0.0203125
1 0.09296875 0.31953125 0.01875 0.0203125
1 0.00390625 0.76484375 0.0078125 0.028125
1 0.0109375 0.77265625 0.021875 0.025
1 0.01015625 0.775 0.0203125 0.025
2 0.31015625 0.39453125 0.0328125 0.046875
1 0.0296875 0.8140625 0.01875 0.01875
1 0.03671875 0.775 0.021875 0.021875
1 0.18203125 0.51328125 0.021875 0.028125
1 0.18828125 0.028125 0.015625 0.0234375
1 0.01171875 0.77421875 0.0234375 0.0265625
4 0.0140625 0.66484375 0.009375 0.003125
1 0.028125 0.64296875 0.021875 0.021875
2 0.1734375 0.48515625 0.025 0.01875
1 0.18515625 0.03125 0.015625 0.025
1 0.09296875 0.31875 0.021875 0.025
1 0.059375 0.41875 0.01875 0.01875
1 0.0609375 0.415625 0.01875 0.01875
1 0.0578125 0.421875 0.015625 0.0203125
1 0.0546875 0.56015625 0.0234375 0.0296875
1 0.56171875 0.3859375 0.0375 0.0578125
4 0.1734375 0.3359375 0.0109375 0.003125
3 0.48828125 0.078125 0.05 0.021875
1 0.2234375 0.41796875 0.021875 0.021875
4 0.49921875 0.5765625 0.0125 0.003125
1 0.0265625 0.81171875 0.021875 0.0234375
1 0.03359375 0.76875 0.025 0.025
1 0.18515625 0.03671875 0.015625 0.025
4 0.49921875 0.57109375 0.0125 0.003125
4 0.4984375 0.57421875 0.0125 0.003125
4 0.48984375 0.61640625 0.0125 0.003125
2 0.12265625 0.4765625 0.01875 0.01875
4 0.24609375 0.1234375 0.0125 0.003125
4 0.53671875 0.01796875 0.015625 0.0078125
4 0.2578125 0.115625 0.0125 0.003125
3 0.46484375 0.0765625 0.028125 0.03125
4 0.54296875 0.0046875 0.015625 0.0078125
1 0.46953125 0.2609375 0.08125 0.025
1 0.015625 0.409375 0.01875 0.0203125
1 0.0296875 0.47265625 0.0265625 0.01875
1 0.00859375 0.51171875 0.0171875 0.0109375