1 0.3796875 0.06875 0.0203125 0.01953125
1 0.2546875 0.07578125 0.0203125 0.021875
1 0.47734375 0.1546875 0.025 0.025
2 0.61796875 0.18984375 0.0140625 0.02734375
1 0.45625 0.09375 0.02578125 0.01953125
1 0.340625 0.084375 0.02109375 0.0234375
1 0.75859375 0.60859375 0.05625 0.05390625
1 0.4953125 0.2125 0.01640625 0.0171875
1 0.95859375 0.2203125 0.021875 0.0140625
1 0.4546875 0.09296875 0.02578125 0.0203125
1 0.61796875 0.25078125 0.01796875 0.02265625
1 0.46875 0.02578125 0.025 0.025
2 0.55625 0.1703125 0.02109375 0.028125
1 0.6078125 0.07734375 0.01953125 0.0171875
1 0.68515625 0.13046875 0.01953125 0.01875
1 0.265625 0.0328125 0.01953125 0.01875
1 0.2625 0.03828125 0.0265625 0.021875
1 0.2546875 0.0515625 0.0234375 0.021875
1 0.253125 0.05078125 0.025 0.02109375
2 0.6140625 0.3359375 0.04453125 0.03125
1 0.215625 0.0703125 0.0171875 0.01875
1 0.25234375 0.0765625 0.0203125 0.021875
1 0.50078125 0.2140625 0.0265625 0.0203125
1 0.77421875 0.00859375 0.01171875 0.01640625
1 0.9609375 0.2203125 0.021875 0.0140625
1 0.253125 0.053125 0.025 0.021875
4 0.35703125 0.05546875 0.003125 0.009375
1 0.378125 0.06875 0.021875 0.02109375
2 0.52734375 0.20625 0.0171875 0.0234375
1 0.9578125 0.21796875 0.02265625 0.01484375
1 0.68515625 0.1296875 0.02265625 0.0203125
1 0.590625 0.09765625 0.0171875 0.01640625
1 0.59375 0.1 0.0171875 0.01796875
1 0.5875 0.096875 0.01953125 0.01484375
1 0.45625 0.09375 0.028125 0.021875
4 0.99609375 0.64453125 0.0078125 0.0203125
1 0.621875 0.57421875 0.0546875 0.0359375
4 0.66953125 0.20703125 0.003125 0.01015625
1 0.31171875 0.0109375 0.015625 0.01953125
3 0.91328125 0.5046875 0.02109375 0.0484375
1 0.59140625 0.25390625 0.02109375 0.0203125
1 0.28046875 0.01640625 0.01171875 0.01953125
4 0.440625 0.515625 0.00234375 0.0109375
1 0.21796875 0.0671875 0.021875 0.02109375
1 0.25859375 0.0734375 0.02265625 0.02265625
1 0.953125 0.21796875 0.025 0.01484375
4 0.44609375 0.51484375 0.00234375 0.0109375
4 0.44296875 0.51484375 0.00234375 0.0109375
4 0.403125 0.50625 0.00234375 0.0109375
2 0.53515625 0.1578125 0.0171875 0.01875
4 0.8703125 0.27578125 0.00390625 0.01171875
4 0.9703125 0.55078125 0.0078125 0.0140625
4 0.878125 0.28671875 0.00390625 0.01171875
3 0.91484375 0.4828125 0.0296875 0.02734375
4 0.98359375 0.55625 0.0078125 0.0140625
1 0.740625 0.4875 0.025 0.07734375
1 0.6 0.05703125 0.01953125 0.0171875
1 0.54921875 0.03046875 0.01640625 0.02421875
1 0.5390625 0.0703125 0.0171875 0.025
1 0.503125 0.046875 0.01015625 0.02421875