0 0.3109375 0.828125 0.06875 0.11640625
1 0.01328125 0.09453125 0.02421875 0.02421875
1 0.084375 0.66875 0.05703125 0.04921875
1 0.87890625 0.615625 0.03515625 0.0734375
1 0.54921875 0.26640625 0.06328125 0.04296875
1 0.21484375 0.72265625 0.065625 0.05078125
2 0.6265625 0.93515625 0.10546875 0.12890625
1 0.534375 0.17265625 0.0234375 0.02265625
1 0.24453125 0.57578125 0.04375 0.065625
1 0.31640625 0.40546875 0.04453125 0.04375
2 0.20234375 0.38828125 0.05234375 0.03828125
2 0.2625 0.284375 0.0453125 0.05078125
2 0.309375 0.20546875 0.0296875 0.04453125
1 0.19609375 0.17421875 0.0296875 0.03203125
1 0.15703125 0.19609375 0.03203125 0.02890625
1 0.228125 0.15078125 0.02109375 0.03125
1 0.23125 0.121875 0.03515625 0.0234375
1 0.240625 0.05 0.02421875 0.03046875
1 0.25625 0.0453125 0.025 0.02578125
1 0.02109375 0.06796875 0.03359375 0.025
1 0.09609375 0.02578125 0.02109375 0.03125
1 0.1125 0.03671875 0.01796875 0.02265625
1 0.04609375 0.05 0.02109375 0.03046875
3 0.09765625 0.0875 0.0109375 0.0171875
3 0.06015625 0.08125 0.0109375 0.0171875
1 0.21640625 0.48671875 0.04375 0.065625
1 0.6390625 0.30703125 0.0328125 0.0375
1 0.7265625 0.215625 0.028125 0.02578125
1 0.4921875 0.18828125 0.02578125 0.03515625
1 0.5890625 0.2203125 0.03203125 0.021875
1 0.9421875 0.30703125 0.0296875 0.0171875
1 0.13828125 0.34140625 0.0328125 0.03828125