1 0.3203125 0.1375 0.084375 0.0609375
1 0.7203125 0.0265625 0.0421875 0.0390625
1 0.75703125 0.0703125 0.034375 0.0328125
1 0.7984375 0.665625 0.0265625 0.034375
1 0.4609375 0.2375 0.053125 0.059375
1 0.7984375 0.490625 0.0328125 0.034375
1 0.83203125 0.103125 0.0328125 0.034375
1 0.7703125 0.4359375 0.0359375 0.03125
1 0.7640625 0.52734375 0.034375 0.034375
1 0.88828125 0.34140625 0.021875 0.0296875
2 0.6109375 0.14453125 0.0421875 0.034375
1 0.6859375 0.5203125 0.0578125 0.0640625
1 0.53828125 0.01640625 0.025 0.03125
1 0.79375 0.10703125 0.034375 0.0265625
1 0.61796875 0.64453125 0.0625 0.0390625
1 0.92578125 0.1234375 0.0265625 0.0203125
1 0.528125 0.02265625 0.0328125 0.0375
1 0.72890625 0.953125 0.0234375 0.03125
2 0.61015625 0.175 0.0296875 0.034375
1 0.71953125 0.96484375 0.0234375 0.021875
1 0.921875 0.10546875 0.0265625 0.028125
1 0.81015625 0.10234375 0.0265625 0.025
1 0.20625 0.1859375 0.0921875 0.0671875
2 0.71640625 0.2125 0.025 0.0234375
2 0.47109375 0.125 0.0296875 0.028125
2 0.471875 0.090625 0.0390625 0.0390625
2 0.95625 0.1734375 0.0078125 0.0234375
1 0.22109375 0.990625 0.0609375 0.01875
2 0.7390625 0.16015625 0.025 0.025
2 0.7375 0.20078125 0.0359375 0.021875
1 0.93203125 0.046875 0.021875 0.025