1 0.7015625 0.5328125 0.0578125 0.0421875
1 0.759375 0.51015625 0.0578125 0.0421875
1 0.759375 0.4375 0.034375 0.046875
3 0.65 0.7546875 0.0296875 0.0234375
1 0.440625 0.96953125 0.078125 0.0546875
1 0.309375 0.96875 0.09375 0.028125
1 0.203125 0.759375 0.115625 0.0796875
1 0.23671875 0.4890625 0.09375 0.0875
2 0.26796875 0.38671875 0.1 0.0671875
2 0.49921875 0.39921875 0.075 0.065625
1 0.03671875 0.875 0.0734375 0.0625
3 0.7765625 0.6625 0.025 0.01875
4 0.91796875 0.628125 0.0140625 0.0078125
3 0.8515625 0.79140625 0.0203125 0.0125
4 0.965625 0.625 0.009375 0.0046875
4 0.9609375 0.6390625 0.009375 0.0046875
4 0.578125 0.17265625 0.009375 0.0046875
1 0.0765625 0.10234375 0.0515625 0.0921875
2 0.071875 0.3640625 0.1171875 0.0578125
3 0.425 0.8140625 0.046875 0.03125