2 0.103125 0.134375 0.0265625 0.01484375
2 0.44140625 0.10390625 0.01015625 0.02734375
0 0.446875 0.8578125 0.0359375 0.0640625
0 0.44921875 0.859375 0.040625 0.06484375
2 0.2421875 0.103125 0.01796875 0.02578125
2 0.15859375 0.42890625 0.01484375 0.05
2 0.23984375 0.103125 0.0171875 0.02578125
2 0.53984375 0.284375 0.040625 0.01953125
2 0.10234375 0.1359375 0.02890625 0.0171875
2 0.29609375 0.0328125 0.0109375 0.021875
2 0.23984375 0.1046875 0.0203125 0.028125
0 0.71796875 0.17578125 0.01796875 0.02578125
2 0.440625 0.1015625 0.01171875 0.02734375
0 0.71328125 0.17421875 0.01953125 0.025
2 0.4421875 0.10546875 0.0109375 0.03046875
3 0.99296875 0.20390625 0.0140625 0.01953125