1 0.015625 0.371875 0.03125 0.046875
1 0.21484375 0.2671875 0.0328125 0.0359375
1 0.54453125 0.19609375 0.0234375 0.03125
1 0.2671875 0.22421875 0.0359375 0.03125
1 0.009375 0.1859375 0.01875 0.03125
1 0.04296875 0.5375 0.034375 0.034375
1 0.021875 0.159375 0.028125 0.0265625
1 0.21796875 0.23671875 0.0328125 0.0296875
1 0.1921875 0.26640625 0.0265625 0.0328125
1 0.0671875 0.51484375 0.028125 0.0328125
1 0.6296875 0.221875 0.0234375 0.0265625
1 0.621875 0.20859375 0.0203125 0.025
1 0.03671875 0.51015625 0.034375 0.034375
1 0.3703125 0.621875 0.0578125 0.0765625
2 0.13828125 0.41171875 0.034375 0.03125
1 0.78515625 0.709375 0.0734375 0.075
1 0.215625 0.0609375 0.01875 0.0078125
1 0.040625 0.1796875 0.03125 0.0328125
1 0.19140625 0.0703125 0.0171875 0.0140625
1 0.02109375 0.20859375 0.0328125 0.034375
1 0.55703125 0.0671875 0.015625 0.025
2 0.3109375 0.16328125 0.025 0.0265625
1 0.575 0.05859375 0.0203125 0.021875
2 0.165625 0.22421875 0.03125 0.03125
2 0.13203125 0.2265625 0.0375 0.0484375
1 0.55078125 0.09140625 0.0171875 0.025
1 0.0625 0.503125 0.0328125 0.0359375
3 0.2359375 0.35703125 0.021875 0.0203125
2 0.10234375 0.40625 0.0265625 0.025
1 0.0265625 0.18828125 0.028125 0.0296875
1 0.515625 0.0484375 0.0265625 0.0234375
1 0.70703125 0.89296875 0.0921875 0.10625
4 0.15859375 0.1515625 0.00625 0.0109375
4 0.56796875 0.06640625 0.0046875 0.009375
3 0.34765625 0.7765625 0.0375 0.046875
1 0.0625 0.784375 0.0171875 0.0375