1 0.7375 0.7453125 0.034375 0.0328125
1 0.834375 0.73046875 0.0453125 0.0453125
1 0.74375 0.79375 0.0359375 0.034375
1 0.93671875 0.6640625 0.04375 0.0359375
1 0.84453125 0.88046875 0.0328125 0.03125
1 0.77421875 0.8234375 0.0265625 0.03125
1 0.8359375 0.82421875 0.028125 0.034375
1 0.9109375 0.946875 0.0140625 0.0140625
1 0.790625 0.8453125 0.028125 0.0296875
1 0.7015625 0.78828125 0.034375 0.03125
1 0.92890625 0.70234375 0.03125 0.034375
1 0.74765625 0.81015625 0.0359375 0.0328125
2 0.8453125 0.91640625 0.021875 0.021875
1 0.971875 0.74453125 0.0375 0.0375
4 0.784375 0.1046875 0.0078125 0.0125
4 0.94296875 0.05 0.0125 0.015625
2 0.83046875 0.92734375 0.0296875 0.015625