3 0.74921875 0.9671875 0.0109375 0.0171875
2 0.16953125 0.8484375 0.021875 0.021875
2 0.31328125 0.334375 0.0234375 0.0875
1 0.56953125 0.35625 0.0234375 0.078125
4 0.96015625 0.1609375 0.009375 0.0140625
1 0.68984375 0.51171875 0.028125 0.01875
1 0.43671875 0.32421875 0.0625 0.05
1 0.365625 0.9203125 0.028125 0.01875
2 0.41171875 0.91640625 0.0234375 0.01875
3 0.70625 0.77734375 0.015625 0.0125
1 0.54609375 0.8609375 0.021875 0.021875
1 0.43671875 0.32734375 0.0625 0.05
2 0.26015625 0.24296875 0.0234375 0.05
1 0.1171875 0.73046875 0.0375 0.034375
1 0.509375 0.3328125 0.0625 0.0546875
2 0.27734375 0.22890625 0.025 0.096875
2 0.2109375 0.18359375 0.0359375 0.1171875
1 0.003125 0.75625 0.00625 0.040625
1 0.1078125 0.89140625 0.0125 0.028125
1 0.13046875 0.91640625 0.0125 0.0234375
1 0.11875 0.99765625 0.009375 0.003125
1 0.60234375 0.91171875 0.025 0.0359375
1 0.6296875 0.9453125 0.01875 0.03125
1 0.49140625 0.9859375 0.028125 0.028125
2 0.4515625 0.9765625 0.021875 0.0203125
2 0.46015625 0.953125 0.021875 0.04375
2 0.4 0.8890625 0.0375 0.0234375
1 0.340625 0.80546875 0.03125 0.021875
1 0.40078125 0.74765625 0.021875 0.0421875
1 0.44296875 0.73046875 0.0328125 0.040625
1 0.33359375 0.7015625 0.0140625 0.040625
2 0.3203125 0.57734375 0.053125 0.03125
1 0.25859375 0.6703125 0.040625 0.03125
1 0.2515625 0.67890625 0.03125 0.05625