2 0.82734375 0.0578125 0.0578125 0.115625
2 0.09765625 0.1625 0.03125 0.0359375
1 0.59375 0.91953125 0.0265625 0.021875
1 0.93828125 0.73046875 0.0234375 0.028125
4 0.190625 0.609375 0.0109375 0.0125
1 0.87109375 0.44921875 0.0265625 0.0390625
1 0.9484375 0.0875 0.0234375 0.01875
1 0.65546875 0.86171875 0.0140625 0.0203125
1 0.8734375 0.51640625 0.034375 0.059375
2 0.646875 0.8 0.0265625 0.025
2 0.39296875 0.5640625 0.015625 0.025
2 0.6390625 0.66875 0.01875 0.021875
1 0.9875 0.7046875 0.025 0.03125
3 0.31015625 0.93828125 0.0109375 0.009375
1 0.80078125 0.88203125 0.028125 0.0203125
1 0.53984375 0.94609375 0.0234375 0.0171875
2 0.6375 0.68203125 0.0203125 0.0484375
1 0.78828125 0.8625 0.0171875 0.0203125
1 0.96796875 0.784375 0.01875 0.0203125
1 0.8734375 0.45859375 0.03125 0.0625
2 0.6671875 0.63515625 0.03125 0.028125
1 0.75703125 0.7625 0.01875 0.0296875
2 0.42421875 0.396875 0.0625 0.040625
2 0.66015625 0.62578125 0.0296875 0.0390625
2 0.69765625 0.6109375 0.0375 0.053125
2 0.66171875 0.7984375 0.0265625 0.025
1 0.50546875 0.69453125 0.0453125 0.0296875
1 0.56015625 0.684375 0.0421875 0.0328125
1 0.5390625 0.88203125 0.0328125 0.021875
1 0.46875 0.71328125 0.0203125 0.04375
1 0.4953125 0.98671875 0.025 0.0265625
2 0.6234375 0.98046875 0.03125 0.021875
1 0.665625 0.92421875 0.0265625 0.021875
1 0.846875 0.953125 0.0109375 0.01875
1 0.921875 0.8671875 0.01875 0.0359375
1 0.96015625 0.81640625 0.0296875 0.0234375
1 0.95859375 0.82734375 0.034375 0.01875
1 0.9765625 0.84140625 0.0171875 0.0203125
1 0.9453125 0.64921875 0.0390625 0.025
1 0.9421875 0.45390625 0.03125 0.0703125
1 0.98515625 0.753125 0.0296875 0.03125
1 0.875 0.5203125 0.0265625 0.05
1 0.95234375 0.36875 0.03125 0.0703125