1 0.5453125 0.56796875 0.0578125 0.0671875
3 0.184375 0.46328125 0.02578125 0.03046875
4 0.44609375 0.32734375 0.00390625 0.01171875
3 0.303125 0.04296875 0.009375 0.015625
4 0.40234375 0.2703125 0.00390625 0.009375
1 0.525 0.7046875 0.0359375 0.0890625
1 0.67109375 0.61484375 0.06171875 0.0421875
1 0.646875 0.0734375 0.01640625 0.03125
3 0.365625 0.5609375 0.02578125 0.04765625
3 0.2671875 0.63984375 0.02578125 0.04765625
3 0.1390625 0.90859375 0.046875 0.08203125
4 0.42734375 0.28515625 0.00390625 0.0109375
4 0.4609375 0.2328125 0.00390625 0.0109375
4 0.4421875 0.2359375 0.00390625 0.0109375