1 0.6125 0.025 0.01796875 0.0359375
1 0.615625 0.06015625 0.025 0.01953125
3 0.69140625 0.01328125 0.00625 0.01953125
3 0.69765625 0.009375 0.0109375 0.01328125
4 0.70859375 0.10546875 0.003125 0.00859375
4 0.70859375 0.0796875 0.003125 0.00859375
4 0.72265625 0.05625 0.003125 0.00859375
4 0.69140625 0.06328125 0.003125 0.00859375
1 0.4390625 0.659375 0.03125 0.0828125
1 0.46171875 0.84765625 0.03828125 0.09375
1 0.45234375 0.2875 0.0265625 0.04453125
1 0.2578125 0.24375 0.0296875 0.03203125
1 0.8875 0.159375 0.02578125 0.03515625
1 0.984375 0.27421875 0.03125 0.05234375
1 0.95078125 0.00390625 0.021875 0.0078125
3 0.85390625 0.12421875 0.0109375 0.021875