1 0.36015625 0.809375 0.034375 0.04375
1 0.06171875 0.99609375 0.0390625 0.0078125
1 0.275 0.7453125 0.0265625 0.021875
1 0.25390625 0.73125 0.034375 0.040625
2 0.69921875 0.65703125 0.0578125 0.0765625
1 0.23203125 0.6140625 0.0359375 0.0328125
1 0.6125 0.15625 0.078125 0.0265625
1 0.45703125 0.21796875 0.04375 0.046875
1 0.31953125 0.778125 0.034375 0.04375
1 0.33828125 0.8078125 0.034375 0.04375
1 0.28515625 0.765625 0.034375 0.04375
1 0.2625 0.65625 0.034375 0.040625
1 0.1953125 0.56953125 0.0359375 0.0328125
1 0.709375 0.1296875 0.0765625 0.0359375
4 0.50546875 0.1453125 0.0125 0.00625
1 0.359375 0.96640625 0.05 0.04375
1 0.25703125 0.9875 0.0515625 0.025
4 0.52734375 0.8859375 0.0171875 0.009375