0 0.36171875 0.44296875 0.05234375 0.08828125
1 0.77578125 0.32109375 0.02578125 0.05390625
1 0.07265625 0.02578125 0.02578125 0.01796875
1 0.07578125 0.00859375 0.03125 0.0140625
2 0.56953125 0.56171875 0.0328125 0.1046875
1 0.734375 0.14453125 0.025 0.01796875
2 0.30390625 0.1671875 0.0328125 0.02890625
2 0.2546875 0.228125 0.04140625 0.03515625
1 0.275 0.2875 0.03046875 0.0484375
1 0.359375 0.234375 0.03828125 0.0359375
1 0.490625 0.15 0.034375 0.03359375
1 0.5828125 0.14765625 0.03515625 0.03125
1 0.8890625 0.2078125 0.0265625 0.021875
1 0.47109375 0.08203125 0.0265625 0.02421875
1 0.47890625 0.07421875 0.02734375 0.0234375
1 0.45546875 0.0421875 0.02265625 0.021875
1 0.20390625 0.10234375 0.02890625 0.028125
1 0.2375 0.084375 0.028125 0.0265625
1 0.2640625 0.07109375 0.0203125 0.028125
1 0.265625 0.0484375 0.0328125 0.025
1 0.0484375 0.01875 0.02421875 0.01796875
1 0.296875 0.3390625 0.02734375 0.04921875
3 0.32421875 0.32890625 0.01484375 0.03203125
4 0.409375 0.43515625 0.00703125 0.02109375
1 0.19765625 0.20703125 0.02578125 0.02421875
1 0.17421875 0.39609375 0.04375 0.028125