2 0.62734375 0.19921875 0.02578125 0.03828125
1 0.2125 0.7390625 0.05 0.078125
1 0.84609375 0.10546875 0.015625 0.03515625
1 0.321875 0.57734375 0.015625 0.0421875
2 0.3890625 0.59140625 0.03515625 0.05078125
2 0.35546875 0.575 0.0484375 0.01484375
2 0.7 0.37109375 0.03203125 0.03359375
2 0.6703125 0.33984375 0.04609375 0.01875
1 0.63671875 0.346875 0.01796875 0.028125
1 0.92265625 0.2640625 0.021875 0.04765625
1 0.9015625 0.21953125 0.0203125 0.04609375
1 0.83671875 0.05703125 0.01328125 0.03125
2 0.83359375 0.01953125 0.02265625 0.0390625
4 0.41171875 0.26953125 0.003125 0.009375
4 0.42578125 0.24140625 0.003125 0.009375
2 0.54609375 0.2578125 0.0453125 0.0515625