2 0.6203125 0.03359375 0.01875 0.02265625
4 0.2015625 0.3828125 0.0046875 0.0109375
4 0.1828125 0.40078125 0.0046875 0.0109375
4 0.21015625 0.39296875 0.0046875 0.0109375
4 0.22734375 0.3796875 0.0046875 0.0109375
4 0.165625 0.4984375 0.0046875 0.0109375
4 0.14375 0.48671875 0.0046875 0.0109375
4 0.24765625 0.3703125 0.0046875 0.0109375
4 0.14921875 0.5 0.00546875 0.0125
4 0.171875 0.51015625 0.00625 0.015625
4 0.13828125 0.534375 0.00546875 0.01328125
4 0.09765625 0.6234375 0.00625 0.015625
4 0.07890625 0.60234375 0.0078125 0.0140625
4 0.10859375 0.5375 0.00703125 0.0125
4 0.09375 0.5765625 0.00625 0.015625