1 0.703125 0.08515625 0.0625 0.08125
1 0.19765625 0.2265625 0.0390625 0.0390625
1 0.596875 0.1109375 0.0546875 0.071875
2 0.61484375 0.68671875 0.05625 0.046875
2 0.475 0.92890625 0.0359375 0.0375
1 0.5875 0.3109375 0.059375 0.065625
1 0.56484375 0.41015625 0.053125 0.0640625
1 0.41328125 0.21953125 0.05625 0.0296875
1 0.21875 0.1109375 0.0328125 0.040625
1 0.4421875 0.26875 0.0453125 0.0484375
3 0.76328125 0.2703125 0.046875 0.0328125
1 0.22734375 0.0546875 0.0390625 0.021875
1 0.73203125 0.78125 0.0578125 0.040625
1 0.68828125 0.7515625 0.05625 0.0625
1 0.49609375 0.328125 0.0359375 0.0234375
1 0.59140625 0.21171875 0.0546875 0.05
1 0.20234375 0.14609375 0.034375 0.03125
1 0.3921875 0.23671875 0.0734375 0.028125
1 0.3640625 0.57734375 0.053125 0.03125
2 0.54375 0.80546875 0.0421875 0.03125
2 0.43125 0.90859375 0.04375 0.0328125
1 0.34296875 0.14453125 0.0375 0.0328125
1 0.5125 0.075 0.0625 0.0296875
2 0.571875 0.80625 0.059375 0.0234375
2 0.5890625 0.67578125 0.053125 0.025
2 0.54296875 0.52890625 0.1 0.0453125
4 0.3671875 0.69296875 0.015625 0.0078125
2 0.3890625 0.66484375 0.015625 0.0078125
1 0.5171875 0.04375 0.0625 0.0296875
1 0.19609375 0.16953125 0.0359375 0.01875
1 0.171875 0.19609375 0.0421875 0.0265625