1 0.60390625 0.78515625 0.03203125 0.0921875
2 0.03046875 0.5921875 0.0140625 0.0328125
1 0.71484375 0.5125 0.0546875 0.03125
2 0.621875 0.353125 0.05234375 0.0359375
2 0.52890625 0.25546875 0.04453125 0.028125
1 0.49921875 0.18671875 0.0375 0.02890625
3 0.35 0.61328125 0.0265625 0.0203125
1 0.74453125 0.7640625 0.02421875 0.08359375
3 0.328125 0.1484375 0.0171875 0.0109375
4 0.96484375 0.6109375 0.0078125 0.01484375
1 0.17734375 0.2453125 0.01484375 0.03203125
1 0.171875 0.16015625 0.0140625 0.02578125
1 0.57421875 0.034375 0.02734375 0.0171875
1 0.74453125 0.78984375 0.0203125 0.02578125
2 0.54765625 0.2015625 0.025 0.03671875
2 0.56328125 0.13046875 0.025 0.03671875
1 0.6640625 0.28359375 0.0375 0.025
1 0.5390625 0.04609375 0.009375 0.0234375
1 0.509375 0.04765625 0.01328125 0.0296875
1 0.4078125 0.15234375 0.03515625 0.03046875
1 0.3015625 0.24140625 0.0265625 0.0453125
1 0.2734375 0.18828125 0.02578125 0.0421875
1 0.35546875 0.33046875 0.02578125 0.0421875
1 0.2109375 0.30078125 0.02265625 0.034375
3 0.35 0.1015625 0.00859375 0.0203125
1 0.5828125 0.565625 0.03046875 0.08125
1 0.94296875 0.20546875 0.01171875 0.02421875
1 0.94296875 0.078125 0.0078125 0.01875