4 0.69453125 0.4921875 0.009375 0.0046875
4 0.67265625 0.49375 0.009375 0.0046875
4 0.6953125 0.51015625 0.0109375 0.00625
4 0.7015625 0.475 0.009375 0.0046875
4 0.70546875 0.4453125 0.009375 0.0046875
4 0.7171875 0.4546875 0.0125 0.00625
4 0.70625 0.41484375 0.0109375 0.00625
4 0.72265625 0.43828125 0.0109375 0.00625
4 0.75859375 0.3265625 0.009375 0.0046875
4 0.76953125 0.3703125 0.009375 0.0046875
4 0.75859375 0.35078125 0.009375 0.0046875
4 0.753125 0.31640625 0.009375 0.0046875
3 0.64921875 0.92421875 0.0359375 0.04375