4 0.771875 0.32109375 0.00234375 0.009375
1 0.59140625 0.16796875 0.0390625 0.0171875
1 0.11484375 0.72890625 0.0453125 0.06484375
1 0.73671875 0.6078125 0.0546875 0.0390625
1 0.1515625 0.3625 0.0125 0.0390625
2 0.56171875 0.45859375 0.04140625 0.05
1 0.06328125 0.60546875 0.03203125 0.0703125
1 0.315625 0.43203125 0.04140625 0.05703125
1 0.17109375 0.44140625 0.03671875 0.06796875
3 0.421875 0.12265625 0.01015625 0.01640625
2 0.51640625 0.56953125 0.01171875 0.025
2 0.55 0.57734375 0.053125 0.04609375
2 0.584375 0.33046875 0.03828125 0.04765625
1 0.49140625 0.46796875 0.0546875 0.03984375
1 0.0390625 0.4390625 0.01953125 0.046875
1 0.23046875 0.621875 0.0453125 0.06484375
4 0.76796875 0.32109375 0.00234375 0.009375
1 0.51015625 0.19375 0.02265625 0.0375
1 0.54609375 0.16953125 0.0140625 0.03671875
4 0.46328125 0.02734375 0.00234375 0.009375
2 0.6828125 0.7640625 0.08046875 0.06171875
4 0.46015625 0.003125 0.003125 0.00546875
4 0.453125 0.009375 0.00234375 0.0078125
4 0.44765625 0.01953125 0.00234375 0.00703125
4 0.4421875 0.02109375 0.00234375 0.00703125
4 0.28046875 0.36640625 0.003125 0.01328125
3 0.2578125 0.37421875 0.02578125 0.02265625
3 0.32109375 0.23046875 0.0125 0.02109375
3 0.334375 0.04296875 0.00703125 0.01640625