0 0.51953125 0.340625 0.1 0.0734375
1 0.7390625 0.73046875 0.0609375 0.040625
2 0.44765625 0.578125 0.1140625 0.0578125
1 0.90859375 0.646875 0.025 0.0296875
2 0.784375 0.21796875 0.0359375 0.040625
2 0.7125 0.1828125 0.046875 0.0515625
1 0.65703125 0.2171875 0.05625 0.0421875
1 0.7296875 0.2890625 0.0453125 0.046875
1 0.8453125 0.40234375 0.040625 0.040625
1 0.86953125 0.4953125 0.040625 0.0421875
1 0.8796875 0.81875 0.028125 0.0328125
1 0.909375 0.3671875 0.03125 0.0328125
1 0.91953125 0.37265625 0.03125 0.0328125
1 0.946875 0.34140625 0.0265625 0.028125
1 0.8265625 0.10234375 0.034375 0.0375
1 0.85234375 0.13125 0.034375 0.034375
1 0.87265625 0.1546875 0.034375 0.028125
1 0.89609375 0.15234375 0.0328125 0.0390625
1 0.61015625 0.25078125 0.0546875 0.0390625
3 0.62578125 0.2765625 0.0375 0.0234375
4 0.5390625 0.38671875 0.0234375 0.0109375
1 0.71953125 0.11953125 0.0296875 0.03125
1 0.52265625 0.140625 0.0375 0.05