1 0.8421875 0.10625 0.01640625 0.01171875
1 0.98359375 0.12109375 0.03203125 0.01484375
1 0.03203125 0.11953125 0.02578125 0.03515625
4 0.903125 0.7 0.00703125 0.021875
1 0.89296875 0.809375 0.02734375 0.0921875
2 0.3453125 0.89140625 0.08828125 0.0734375
1 0.8328125 0.61796875 0.04296875 0.03671875
1 0.91796875 0.96953125 0.03125 0.0609375
4 0.77265625 0.37421875 0.0046875 0.01171875
1 0.471875 0.29609375 0.03203125 0.028125
1 0.421875 0.33515625 0.034375 0.0359375
1 0.37578125 0.36484375 0.034375 0.0359375
1 0.24375 0.40859375 0.034375 0.0359375
1 0.25234375 0.4171875 0.034375 0.0359375
1 0.20625 0.43671875 0.034375 0.0359375
1 0.2 0.47109375 0.034375 0.0359375
1 0.29296875 0.378125 0.034375 0.0359375
1 0.30078125 0.35 0.034375 0.0359375
1 0.2546875 0.38671875 0.034375 0.0359375
1 0.03046875 0.45546875 0.0390625 0.06171875
1 0.01796875 0.34375 0.0359375 0.06015625
1 0.00703125 0.1984375 0.01328125 0.03046875
4 0.11484375 0.64921875 0.00703125 0.01171875
4 0.11484375 0.65546875 0.00625 0.0140625