1 0.08359375 0.7890625 0.0296875 0.03125
1 0.53359375 0.9125 0.0171875 0.0234375
1 0.11328125 0.5015625 0.0359375 0.0453125
1 0.07265625 0.43515625 0.0515625 0.05625
1 0.02890625 0.378125 0.0359375 0.046875
1 0.36953125 0.6765625 0.0390625 0.0296875
1 0.790625 0.43359375 0.0640625 0.0703125
1 0.10078125 0.54140625 0.0296875 0.0296875
1 0.49921875 0.89296875 0.021875 0.025
1 0.11875 0.553125 0.0375 0.0328125
1 0.11171875 0.565625 0.0421875 0.0328125
1 0.2828125 0.88125 0.028125 0.025
1 0.703125 0.6015625 0.04375 0.0390625
1 0.63671875 0.38828125 0.065625 0.0828125
1 0.85234375 0.2015625 0.0875 0.121875
2 0.2046875 0.1390625 0.0921875 0.075
1 0.046875 0.75078125 0.0296875 0.0296875
1 0.246875 0.8765625 0.021875 0.021875
1 0.515625 0.96171875 0.01875 0.025
1 0.08125 0.8953125 0.0296875 0.025
1 0.24140625 0.86015625 0.0234375 0.0234375
1 0.12265625 0.69765625 0.025 0.0265625
1 0.11171875 0.70625 0.028125 0.03125
1 0.22890625 0.8484375 0.0234375 0.025
2 0.24921875 0.3546875 0.05625 0.0484375
1 0.103125 0.9078125 0.025 0.021875
2 0.175 0.4078125 0.0609375 0.05625
1 0.128125 0.70703125 0.0203125 0.025
1 0.484375 0.990625 0.021875 0.01875
1 0.225 0.859375 0.021875 0.0203125
2 0.203125 0.85703125 0.0203125 0.021875
1 0.51875 0.9875 0.0171875 0.0234375
1 0.0546875 0.796875 0.01875 0.0203125
1 0.06875 0.75625 0.0296875 0.0265625
1 0.35 0.8296875 0.01875 0.021875
1 0.60234375 0.51875 0.0578125 0.0734375
3 0.2390625 0.62265625 0.01875 0.0265625
2 0.18359375 0.765625 0.0234375 0.0234375
4 0.17421875 0.696875 0.00625 0.0109375
4 0.22734375 0.73828125 0.0046875 0.009375
4 0.1921875 0.91484375 0.0046875 0.009375
2 0.17578125 0.87734375 0.0375 0.0453125