1 0.15078125 0.209375 0.034375 0.0359375
1 0.5515625 0.13203125 0.0546875 0.0671875
2 0.43671875 0.62421875 0.0453125 0.040625
1 0.18046875 0.10625 0.0296875 0.034375
1 0.42734375 0.38828125 0.0421875 0.0515625
2 0.4 0.48984375 0.071875 0.05
1 0.28125 0.13515625 0.0421875 0.0515625
1 0.4421875 0.3203125 0.0484375 0.053125
1 0.47421875 0.13515625 0.046875 0.0609375
1 0.228125 0.04765625 0.021875 0.021875
2 0.30625 0.828125 0.0484375 0.0390625
3 0.559375 0.253125 0.0359375 0.03125
1 0.346875 0.22578125 0.0484375 0.0296875
1 0.19609375 0.0625 0.025 0.025
1 0.22109375 0.06328125 0.0265625 0.03125
2 0.3765625 0.3171875 0.0421875 0.03125
1 0.16171875 0.14453125 0.03125 0.0234375
1 0.4609375 0.21875 0.0484375 0.0453125
1 0.13515625 0.1796875 0.034375 0.028125
2 0.43046875 0.615625 0.065625 0.0609375
1 0.16328125 0.13046875 0.0265625 0.01875
1 0.26796875 0.52734375 0.0421875 0.0265625
1 0.50078125 0.6953125 0.0734375 0.059375
1 0.42265625 0.075 0.0515625 0.034375
1 0.56796875 0.015625 0.034375 0.0296875
1 0.3421875 0.2625 0.046875 0.0453125
3 0.59296875 0.06796875 0.0296875 0.0296875
1 0.27265625 0.61015625 0.0125 0.00625
1 0.259375 0.62421875 0.0125 0.00625
2 0.39140625 0.72421875 0.0703125 0.04375
1 0.41171875 0.1015625 0.0515625 0.025