1 0.9859375 0.2765625 0.028125 0.03125
1 0.83359375 0.29453125 0.0234375 0.03125
1 0.8828125 0.30703125 0.025 0.034375
1 0.85078125 0.45234375 0.028125 0.053125
1 0.77109375 0.475 0.034375 0.0546875
2 0.6921875 0.18046875 0.028125 0.025
1 0.57109375 0.0078125 0.025 0.0125
1 0.0859375 0.796875 0.0703125 0.1125
1 0.20546875 0.6453125 0.0703125 0.053125
1 0.9625 0.2296875 0.0359375 0.034375
1 0.609375 0.1375 0.0328125 0.028125
1 0.53828125 0.5578125 0.0125 0.0140625
1 0.92734375 0.13046875 0.021875 0.034375
1 0.5140625 0.6375 0.0484375 0.0421875
1 0.96640625 0.17890625 0.0328125 0.021875
1 0.8421875 0.275 0.03125 0.0625
1 0.703125 0.040625 0.0125 0.0171875
2 0.69609375 0.0796875 0.03125 0.025
1 0.9546875 0.10234375 0.0328125 0.0265625
1 0.9265625 0.16015625 0.0265625 0.03125
1 0.971875 0.15 0.03125 0.021875
1 0.959375 0.12734375 0.0140625 0.021875
1 0.88046875 0.34609375 0.021875 0.0421875
1 0.57109375 0.1234375 0.0328125 0.028125
1 0.540625 0.11015625 0.01875 0.03125
2 0.48828125 0.315625 0.0484375 0.0328125
1 0.4875 0.69140625 0.059375 0.05625
1 0.5203125 0.56484375 0.053125 0.0640625
1 0.5671875 0.6109375 0.05 0.0609375
1 0.6140625 0.54921875 0.0390625 0.059375
1 0.55703125 0.640625 0.0484375 0.0421875
1 0.86328125 0.6109375 0.0390625 0.059375