1 0.49375 0.74765625 0.0671875 0.0734375
1 0.29140625 0.3140625 0.046875 0.0421875
1 0.1578125 0.51484375 0.059375 0.0609375
1 0.7953125 0.34375 0.0640625 0.0625
1 0.66171875 0.421875 0.0609375 0.053125
1 0.78203125 0.24140625 0.0515625 0.0546875
1 0.52734375 0.5625 0.075 0.0796875
2 0.46640625 0.55078125 0.06875 0.0546875
1 0.61953125 0.2625 0.0453125 0.046875
3 0.6953125 0.20078125 0.01875 0.025
2 0.81171875 0.03125 0.03125 0.0484375
4 0.5375 0.95859375 0.009375 0.0203125
2 0.234375 0.72578125 0.0609375 0.1203125
3 0.16640625 0.41328125 0.03125 0.0234375
1 0.69296875 0.26171875 0.0234375 0.0375
1 0.4375 0.12421875 0.0296875 0.0296875
3 0.65390625 0.11171875 0.021875 0.021875
1 0.94921875 0.3578125 0.05 0.071875