1 0.69765625 0.55703125 0.0453125 0.0375
1 0.58984375 0.15859375 0.0375 0.096875
1 0.296875 0.76015625 0.0375 0.028125
1 0.4234375 0.9453125 0.028125 0.0234375
3 0.1921875 0.803125 0.0125 0.0234375
4 0.1953125 0.7078125 0.0046875 0.0125
4 0.1875 0.6625 0.00625 0.0125
4 0.1609375 0.7328125 0.0046875 0.009375
4 0.1453125 0.65390625 0.0046875 0.009375
1 0.29453125 0.81328125 0.0234375 0.05
3 0.18125 0.80859375 0.0109375 0.0140625
2 0.35703125 0.88125 0.0359375 0.021875
2 0.734375 0.78984375 0.0328125 0.05
4 0.1578125 0.65703125 0.0078125 0.0140625
4 0.51015625 0.85390625 0.0046875 0.009375
3 0.1546875 0.77421875 0.0125 0.0203125
2 0.35 0.9265625 0.034375 0.0359375
2 0.3296875 0.953125 0.034375 0.0296875
1 0.4125 0.97890625 0.021875 0.021875
1 0.37890625 0.7890625 0.034375 0.028125
2 0.69453125 0.8328125 0.03125 0.046875