4 0.73359375 0.734375 0.0046875 0.009375
1 0.5171875 0.8421875 0.04375 0.028125
1 0.18125 0.16484375 0.0609375 0.075
1 0.7703125 0.440625 0.0640625 0.053125
1 0.12734375 0.5390625 0.021875 0.0421875
2 0.559375 0.54609375 0.053125 0.0609375
1 0.0984375 0.275 0.05 0.078125
1 0.30703125 0.5109375 0.0546875 0.0671875
1 0.16640625 0.46484375 0.053125 0.075
3 0.3359375 0.84453125 0.0125 0.01875
2 0.540625 0.4234375 0.01875 0.0265625
2 0.5765625 0.42421875 0.0640625 0.059375
2 0.54921875 0.67890625 0.05 0.05625
1 0.49140625 0.51875 0.0640625 0.053125
1 0.03359375 0.43515625 0.03125 0.0515625
1 0.26953125 0.30078125 0.0609375 0.075
4 0.7296875 0.73359375 0.0046875 0.009375
1 0.4421875 0.79609375 0.0296875 0.0421875
1 0.471875 0.8296875 0.0234375 0.0390625
4 0.35390625 0.95078125 0.0046875 0.009375
2 0.75546875 0.271875 0.0953125 0.08125
4 0.34453125 0.97421875 0.0046875 0.0046875
4 0.33984375 0.965625 0.0046875 0.0078125
4 0.3359375 0.95390625 0.0046875 0.00625
4 0.33203125 0.9515625 0.0046875 0.00625
4 0.25546875 0.5671875 0.00625 0.0140625
3 0.23515625 0.55390625 0.03125 0.028125
3 0.2625 0.71328125 0.0171875 0.025
3 0.2296875 0.903125 0.009375 0.0171875