1 0.14453125 0.8765625 0.028125 0.034375
1 0.20625 0.74140625 0.0296875 0.01875
1 0.203125 0.7890625 0.0296875 0.021875
1 0.33984375 0.80234375 0.046875 0.021875
1 0.38203125 0.73828125 0.0484375 0.0265625
2 0.14609375 0.584375 0.021875 0.0265625
1 0.025 0.428125 0.0140625 0.0234375
1 0.86328125 0.2265625 0.1015625 0.05625
1 0.69453125 0.28828125 0.04375 0.0625
1 0.11171875 0.83671875 0.028125 0.03125
1 0.13203125 0.4984375 0.025 0.028125
1 0.52265625 0.55625 0.0140625 0.0109375
1 0.03515625 0.77734375 0.0296875 0.0171875
3 0.0546875 0.22265625 0.0109375 0.0109375
1 0.59921875 0.55859375 0.0359375 0.0421875
1 0.065625 0.82578125 0.01875 0.0296875
1 0.1859375 0.74375 0.05625 0.021875
1 0.01796875 0.55390625 0.01875 0.0109375
2 0.05625 0.559375 0.021875 0.028125
1 0.00625 0.79296875 0.0125 0.0296875
1 0.0609375 0.78515625 0.0265625 0.021875
1 0.0390625 0.82265625 0.01875 0.0296875
1 0.021875 0.8046875 0.0203125 0.0109375
1 0.2375 0.79765625 0.0390625 0.015625
0 0.1203125 0.934375 0.0296875 0.0484375
1 0.13046875 0.46171875 0.025 0.028125
1 0.12734375 0.43046875 0.0296875 0.0140625
2 0.32265625 0.44296875 0.0265625 0.04375
1 0.6546875 0.55 0.0484375 0.05
1 0.534375 0.54296875 0.0546875 0.04375
1 0.5609375 0.59765625 0.053125 0.040625
1 0.49375 0.62109375 0.053125 0.03125
1 0.590625 0.59765625 0.0359375 0.0421875
1 0.4765625 0.85859375 0.053125 0.03125