1 0.91171875 0.1859375 0.03125 0.02421875
1 0.77109375 0.2328125 0.01640625 0.02734375
1 0.81875 0.23515625 0.01875 0.028125
1 0.8171875 0.37265625 0.0171875 0.0453125
1 0.74921875 0.4078125 0.021875 0.04765625
2 0.62109375 0.15703125 0.02421875 0.01875
1 0.478125 0.0203125 0.021875 0.0125
1 0.18984375 0.8328125 0.046875 0.096875
1 0.26875 0.67109375 0.05859375 0.0375
1 0.87578125 0.14921875 0.02890625 0.02578125
1 0.53671875 0.13359375 0.0265625 0.021875
1 0.55390625 0.528125 0.009375 0.0125
1 0.82421875 0.06640625 0.0140625 0.02890625
3 0.27109375 0.028125 0.01015625 0.009375
1 0.54765625 0.6046875 0.0390625 0.03125
1 0.81328125 0.009375 0.0125 0.01875
1 0.86953125 0.10234375 0.02734375 0.015625
1 0.775 0.21328125 0.01640625 0.0546875
1 0.60390625 0.0265625 0.009375 0.0171875
2 0.60546875 0.06484375 0.02578125 0.01875
1 0.84375 0.03515625 0.02734375 0.01953125
1 0.8296875 0.09296875 0.01953125 0.025
1 0.86875 0.075 0.02734375 0.015625
1 0.853125 0.05625 0.009375 0.01875
1 0.8234375 0.2703125 0.01328125 0.0375
0 0.971875 0.16796875 0.0453125 0.025
1 0.50078125 0.128125 0.0265625 0.021875
1 0.46953125 0.121875 0.0109375 0.02734375
2 0.46171875 0.31796875 0.0421875 0.021875
1 0.53359375 0.659375 0.0453125 0.04296875
1 0.5390625 0.53828125 0.0390625 0.0515625
1 0.590625 0.57109375 0.0359375 0.05078125
1 0.62109375 0.50625 0.0265625 0.05078125
1 0.5875 0.6 0.0390625 0.03125
1 0.859375 0.5140625 0.0265625 0.05078125