4 0.2703125 0.271875 0.009375 0.0046875
1 0.15859375 0.49609375 0.028125 0.04375
1 0.8578125 0.84296875 0.078125 0.0640625
1 0.5734375 0.23359375 0.053125 0.065625
1 0.47109375 0.8984375 0.0421875 0.021875
2 0.46484375 0.45234375 0.0625 0.0546875
1 0.74453125 0.928125 0.08125 0.0515625
1 0.5015625 0.71171875 0.0703125 0.0578125
1 0.5484375 0.85859375 0.0796875 0.0546875
3 0.15546875 0.6828125 0.0203125 0.015625
2 0.59140625 0.4703125 0.028125 0.01875
2 0.590625 0.43359375 0.0625 0.0671875
2 0.328125 0.4625 0.0578125 0.0515625
1 0.49296875 0.521875 0.0546875 0.065625
1 0.57734375 0.9890625 0.0515625 0.021875
1 0.71796875 0.7515625 0.078125 0.0640625
4 0.27109375 0.275 0.009375 0.0046875
1 0.20625 0.5734375 0.0453125 0.0328125
1 0.171875 0.5421875 0.0421875 0.025
4 0.046875 0.66484375 0.009375 0.0046875
2 0.7484375 0.24921875 0.084375 0.0984375
4 0.0328125 0.67890625 0.00625 0.0046875
4 0.04296875 0.68203125 0.0078125 0.0046875
4 0.04609375 0.6875 0.0078125 0.0046875
4 0.44296875 0.765625 0.0140625 0.00625
3 0.45625 0.7859375 0.0296875 0.0328125
3 0.2921875 0.75859375 0.025 0.0171875
3 0.0953125 0.7921875 0.01875 0.0109375