4 0.96953125 0.8859375 0.009375 0.01796875
1 0.88359375 0.759375 0.0484375 0.04453125
1 0.36484375 0.459375 0.04609375 0.0453125
1 0.9625 0.97578125 0.04375 0.0484375
4 0.06875 0.809375 0.00859375 0.0171875
1 0.41640625 0.425 0.0421875 0.0453125
4 0.0703125 0.81328125 0.0078125 0.0140625
4 0.80390625 0.45625 0.0046875 0.01171875
1 0.47265625 0.37734375 0.0421875 0.0453125
1 0.225 0.5296875 0.04609375 0.0453125
1 0.16953125 0.5890625 0.04609375 0.0453125
1 0.27578125 0.47578125 0.04296875 0.0328125
1 0.28671875 0.43828125 0.0390625 0.02890625
1 0.23359375 0.48203125 0.0421875 0.0328125
1 0.175 0.54296875 0.0421875 0.040625