2 0.58125 0.61796875 0.028125 0.0265625
1 0.41875 0.1875 0.0609375 0.040625
1 0.26484375 0.17109375 0.040625 0.0421875
1 0.4625 0.76328125 0.0453125 0.04375
1 0.08515625 0.665625 0.0265625 0.03125
1 0.321875 0.68359375 0.0390625 0.0421875
1 0.46640625 0.79453125 0.0375 0.0390625
1 0.14140625 0.2484375 0.025 0.0203125
1 0.20859375 0.184375 0.0390625 0.0453125
1 0.34609375 0.64453125 0.0421875 0.040625
1 0.2125 0.18515625 0.040625 0.0453125
1 0.2984375 0.70703125 0.03125 0.0359375
1 0.4671875 0.79375 0.0390625 0.0421875
1 0.19375 0.515625 0.028125 0.028125
1 0.17109375 0.2203125 0.0359375 0.0328125
1 0.4609375 0.759375 0.0484375 0.04375
1 0.209375 0.18203125 0.0421875 0.0421875
1 0.08984375 0.69921875 0.021875 0.028125
1 0.40859375 0.72421875 0.0234375 0.0234375
1 0.0859375 0.30390625 0.0265625 0.021875
1 0.084375 0.3015625 0.028125 0.0265625
1 0.2171875 0.525 0.025 0.021875
4 0.76328125 0.81484375 0.0140625 0.0078125
1 0.11953125 0.9234375 0.025 0.01875
1 0.7171875 0.50546875 0.0390625 0.0609375
2 0.56171875 0.603125 0.0671875 0.065625
1 0.196875 0.3171875 0.0328125 0.0171875
1 0.22109375 0.52421875 0.0296875 0.021875
1 0.19453125 0.5171875 0.0296875 0.03125
1 0.1390625 0.29609375 0.028125 0.021875
1 0.10390625 0.33125 0.0296875 0.015625
1 0.13984375 0.29375 0.0296875 0.025
1 0.0078125 0.36484375 0.015625 0.0171875
1 0.1390625 0.23671875 0.025 0.0234375
1 0.13828125 0.240625 0.025 0.025
1 0.525 0.4859375 0.0625 0.0578125
1 0.10546875 0.33125 0.0296875 0.0171875
1 0.009375 0.3640625 0.01875 0.015625
4 0.2375 0.2390625 0.0171875 0.009375
3 0.19296875 0.6125 0.0171875 0.009375
1 0.3859375 0.528125 0.0296875 0.0375
2 0.059375 0.5875 0.025 0.0265625
1 0.234375 0.13828125 0.0328125 0.04375
1 0.09140625 0.69765625 0.025 0.0296875
2 0.04375 0.578125 0.0375 0.0265625
1 0.1234375 0.92265625 0.0265625 0.015625
1 0.1421875 0.24765625 0.0265625 0.021875
4 0.23984375 0.34140625 0.015625 0.0109375
1 0.40703125 0.7234375 0.025 0.0234375
1 0.2 0.3171875 0.0390625 0.01875
1 0.00625 0.4875 0.0125 0.01875
1 0.2265625 0.63984375 0.034375 0.0265625
2 0.69453125 0.70625 0.0921875 0.0828125
2 0.915625 0.715625 0.1125 0.075
4 0.9453125 0.8203125 0.0140625 0.0078125
1 0.10078125 0.728125 0.03125 0.0171875