2 0.7234375 0.95859375 0.021875 0.0109375
4 0.2015625 0.70078125 0.009375 0.0140625
4 0.1765625 0.6859375 0.009375 0.0140625
4 0.2078125 0.6875 0.009375 0.0140625
4 0.2296875 0.696875 0.009375 0.0140625
4 0.13515625 0.5875 0.009375 0.0140625
4 0.11484375 0.6046875 0.009375 0.0140625
4 0.253125 0.70234375 0.009375 0.0140625
4 0.1171875 0.58984375 0.009375 0.0140625
4 0.1390625 0.5734375 0.009375 0.0171875
4 0.09765625 0.55703125 0.009375 0.0171875
4 0.03359375 0.47265625 0.009375 0.0171875
4 0.01953125 0.4984375 0.0109375 0.0171875
4 0.065625 0.5609375 0.009375 0.0140625
4 0.040625 0.52265625 0.009375 0.0171875