0 0.36640625 0.36484375 0.1140625 0.0828125
2 0.2453125 0.62578125 0.184375 0.0796875
1 0.4328125 0.1359375 0.0421875 0.0546875
1 0.9921875 0.815625 0.0125 0.01875
1 0.9734375 0.85390625 0.0140625 0.025
4 0.3921875 0.415625 0.0171875 0.0109375
1 0.521875 0.26796875 0.059375 0.0375
1 0.41015625 0.25546875 0.0390625 0.05625
1 0.5890625 0.23515625 0.0515625 0.0328125
1 0.66328125 0.32265625 0.0390625 0.04375
2 0.66171875 0.2109375 0.0421875 0.05
2 0.7484375 0.259375 0.0375 0.034375
2 0.81953125 0.2875 0.03125 0.0375
2 0.7109375 0.17578125 0.04375 0.0359375
1 0.6921875 0.14609375 0.0375 0.0359375
1 0.81484375 0.14375 0.0328125 0.034375
1 0.83671875 0.1796875 0.03125 0.028125
1 0.859375 0.20703125 0.0328125 0.021875
1 0.884375 0.20625 0.0375 0.0359375
1 0.79296875 0.4859375 0.03125 0.040625
1 0.86484375 0.44609375 0.025 0.0265625
1 0.88125 0.4703125 0.025 0.0265625
1 0.7921875 0.59140625 0.034375 0.034375
1 0.8421875 0.70546875 0.021875 0.025
1 0.58125 0.82421875 0.05625 0.03125
1 0.7875 0.89921875 0.0203125 0.0296875
1 0.93515625 0.0171875 0.0234375 0.0234375
1 0.91171875 0.003125 0.0234375 0.00625
1 0.9484375 0.0734375 0.021875 0.0359375
3 0.9109375 0.08046875 0.015625 0.0125
3 0.96015625 0.28671875 0.0125 0.0078125
1 0.95625 0.215625 0.0359375 0.0359375
3 0.54375 0.2984375 0.0328125 0.021875
4 0.909375 0.09296875 0.009375 0.0078125