1 0.86484375 0.1046875 0.015625 0.0125
1 0.9953125 0.1234375 0.009375 0.015625
1 0.03828125 0.0890625 0.028125 0.0375
4 0.90625 0.71171875 0.00625 0.021875
1 0.89140625 0.82421875 0.03125 0.096875
2 0.33046875 0.88828125 0.09375 0.078125
1 0.8375 0.62578125 0.0453125 0.0390625
1 0.91171875 0.978125 0.0328125 0.04375
4 0.784375 0.37578125 0.0046875 0.0125
1 0.48125 0.28515625 0.0328125 0.0296875
1 0.428125 0.3234375 0.0359375 0.0375
1 0.38046875 0.3515625 0.0359375 0.0375
1 0.24375 0.39140625 0.0359375 0.0375
1 0.25234375 0.40078125 0.0359375 0.0375
1 0.20390625 0.41875 0.0359375 0.0375
1 0.196875 0.453125 0.0359375 0.0375
1 0.2953125 0.3625 0.0359375 0.0375
1 0.30390625 0.33359375 0.0359375 0.0375
1 0.25625 0.3703125 0.0359375 0.0375
1 0.02421875 0.43203125 0.0421875 0.0640625
1 0.0203125 0.3171875 0.0296875 0.0625
1 0.01328125 0.16875 0.00625 0.03125
4 0.10390625 0.63203125 0.00625 0.0125
4 0.103125 0.6390625 0.00625 0.0140625