1 0.23828125 0.36015625 0.03984375 0.0296875
1 0.075 0.0703125 0.0203125 0.034375
1 0.0546875 0.1359375 0.0296875 0.02890625
1 0.30390625 0.28515625 0.01875 0.02265625
1 0.31796875 0.26640625 0.0359375 0.0296875
2 0.3578125 0.684375 0.06796875 0.05
1 0.428125 0.25390625 0.02890625 0.03203125
1 0.82890625 0.6375 0.02109375 0.07109375
1 0.78203125 0.48828125 0.04140625 0.0375
1 0.26953125 0.32421875 0.03984375 0.0296875
1 0.24140625 0.33984375 0.03984375 0.0296875
1 0.284375 0.29296875 0.03984375 0.0296875
1 0.3875 0.27890625 0.0359375 0.0296875
1 0.471875 0.221875 0.02890625 0.03203125
1 0.84765625 0.72890625 0.02890625 0.0703125
4 0.846875 0.5390625 0.00390625 0.0109375
1 0.01640625 0.08359375 0.0328125 0.02734375
1 0.0921875 0.3484375 0.03828125 0.04453125
1 0.07421875 0.25234375 0.03046875 0.04609375
1 0.00859375 0.38125 0.0171875 0.0421875
4 0.15625 0.51015625 0.00703125 0.015625