3 0.0171875 0.54140625 0.034375 0.0328125
4 0.471875 0.34609375 0.00234375 0.009375
4 0.47578125 0.3671875 0.00234375 0.009375
4 0.45625 0.34921875 0.00390625 0.0078125
4 0.48671875 0.3359375 0.00234375 0.009375
4 0.5125 0.32578125 0.00234375 0.009375
4 0.5015625 0.3171875 0.00234375 0.01171875
4 0.540625 0.31796875 0.00234375 0.01015625
4 0.515625 0.3078125 0.00234375 0.01015625
4 0.60859375 0.25 0.00234375 0.009375
4 0.56640625 0.25 0.00234375 0.009375
4 0.58671875 0.25546875 0.00234375 0.009375
4 0.61953125 0.253125 0.00234375 0.009375
3 0.08984375 0.48515625 0.03515625 0.02734375