1 0.3046875 0.52734375 0.046875 0.0359375
1 0.446875 0.11875 0.034375 0.0984375
1 0.709375 0.76953125 0.0375 0.025
1 0.56328125 0.95390625 0.0265625 0.021875
3 0.815625 0.821875 0.0140625 0.025
4 0.81953125 0.72265625 0.0046875 0.0125
4 0.83125 0.675 0.00625 0.0125
4 0.85390625 0.75 0.0046875 0.009375
4 0.875 0.66953125 0.0046875 0.009375
1 0.70703125 0.82578125 0.021875 0.0515625
3 0.8265625 0.82890625 0.0125 0.0140625
2 0.6375 0.89140625 0.0359375 0.0203125
2 0.24921875 0.7671875 0.0296875 0.0515625
4 0.8625 0.671875 0.0078125 0.0125
4 0.4796875 0.85234375 0.0046875 0.009375
3 0.85703125 0.79375 0.0109375 0.0203125
2 0.64140625 0.9390625 0.034375 0.034375
2 0.6609375 0.96875 0.034375 0.0296875
1 0.571875 0.98828125 0.0203125 0.015625
1 0.62109375 0.79375 0.0359375 0.028125
2 0.28828125 0.81640625 0.0296875 0.0484375