1 0.27109375 0.31015625 0.0375 0.028125
1 0.09921875 0.4515625 0.021875 0.0125
1 0.2953125 0.51640625 0.040625 0.01875
1 0.2328125 0.371875 0.0328125 0.025
1 0.03125 0.70703125 0.01875 0.0234375
1 0.103125 0.69609375 0.01875 0.0109375
1 0.81875 0.9859375 0.05625 0.028125
2 0.08359375 0.66328125 0.0203125 0.0234375
2 0.74609375 0.46796875 0.146875 0.05625
2 0.27421875 0.18359375 0.0296875 0.05
1 0.0609375 0.6953125 0.015625 0.009375
1 0.06796875 0.36796875 0.015625 0.0125
1 0.0109375 0.39140625 0.01875 0.01875
1 0.14453125 0.83203125 0.03125 0.025
1 0.75859375 0.94765625 0.0421875 0.059375
1 0.08515625 0.40703125 0.01875 0.0125
1 0.71640625 0.665625 0.0921875 0.0296875
1 0.6578125 0.86875 0.040625 0.0421875
1 0.7078125 0.88125 0.040625 0.0421875
1 0.80859375 0.9671875 0.040625 0.0421875
2 0.4078125 0.91328125 0.0328125 0.0515625
1 0.1703125 0.82421875 0.03125 0.025
1 0.0171875 0.9515625 0.01875 0.028125
1 0.02109375 0.74453125 0.01875 0.015625
1 0.1265625 0.6671875 0.0203125 0.03125
1 0.04765625 0.40546875 0.015625 0.025
1 0.04375 0.36640625 0.015625 0.025
1 0.0265625 0.34765625 0.015625 0.025
1 0.08984375 0.3578125 0.015625 0.025
1 0.12265625 0.378125 0.015625 0.025
2 0.15703125 0.34453125 0.015625 0.028125
2 0.16875 0.3296875 0.0109375 0.0359375
0 0.2046875 0.290625 0.028125 0.046875
1 0.2484375 0.24453125 0.025 0.0375
1 0.3 0.57265625 0.0375 0.0296875
1 0.25703125 0.54609375 0.0375 0.0296875
1 0.34921875 0.5359375 0.05 0.03125
1 0.4984375 0.61171875 0.05 0.03125
1 0.540625 0.715625 0.071875 0.03125
2 0.17109375 0.709375 0.04375 0.01875
2 0.21484375 0.67734375 0.0453125 0.0375
2 0.19921875 0.69375 0.025 0.025