2 0.4625 0.36640625 0.0296875 0.028125
1 0.46015625 0.8234375 0.0625 0.04375
1 0.596875 0.89453125 0.0421875 0.0421875
1 0.625 0.2734375 0.046875 0.0453125
1 0.94140625 0.4984375 0.0265625 0.0328125
1 0.72734375 0.3984375 0.0421875 0.04375
1 0.6328125 0.24296875 0.0390625 0.040625
1 0.7390625 0.86640625 0.025 0.021875
1 0.65390625 0.9015625 0.040625 0.046875
1 0.69140625 0.42578125 0.0421875 0.040625
1 0.6515625 0.9 0.0421875 0.046875
1 0.75703125 0.384375 0.0328125 0.0375
1 0.63203125 0.24375 0.0421875 0.04375
1 0.7859375 0.6 0.0296875 0.0296875
1 0.70234375 0.88203125 0.0359375 0.034375
1 0.62578125 0.278125 0.05 0.0453125
1 0.653125 0.903125 0.0421875 0.04375
1 0.9484375 0.465625 0.0234375 0.028125
1 0.6609375 0.32890625 0.0234375 0.0234375
1 0.81171875 0.834375 0.0265625 0.0234375
1 0.8125 0.83828125 0.0296875 0.028125
1 0.76875 0.5828125 0.025 0.0234375
4 0.3640625 0.11796875 0.0140625 0.009375
1 0.99375 0.24765625 0.0125 0.0203125
1 0.296875 0.42265625 0.0421875 0.0609375
2 0.47578125 0.38671875 0.0703125 0.06875
1 0.71328125 0.7828125 0.0328125 0.01875
1 0.7640625 0.58125 0.03125 0.0234375
1 0.78671875 0.59765625 0.0296875 0.0328125
1 0.75859375 0.82265625 0.028125 0.0234375
1 0.8046875 0.803125 0.0296875 0.0171875
2 0.91328125 0.91640625 0.0234375 0.028125
1 0.7578125 0.825 0.03125 0.0265625
1 0.91015625 0.80703125 0.028125 0.01875
1 0.7375 0.878125 0.025 0.0234375
1 0.73984375 0.87421875 0.0265625 0.0265625
1 0.90859375 0.890625 0.01875 0.0203125
1 0.46875 0.509375 0.0625 0.059375
1 0.80234375 0.8015625 0.0296875 0.01875
1 0.90703125 0.8078125 0.0265625 0.0171875
4 0.64765625 0.84140625 0.0171875 0.0109375
3 0.82265625 0.509375 0.01875 0.009375
1 0.6125 0.51875 0.03125 0.0390625
2 0.9375 0.58125 0.0265625 0.028125
1 0.61328125 0.934375 0.0328125 0.0453125
1 0.9046875 0.8875 0.0234375 0.025
1 0.94609375 0.4671875 0.0265625 0.0296875
2 0.94765625 0.5953125 0.0375 0.028125
1 0.99140625 0.24609375 0.0171875 0.0171875
1 0.7390625 0.8671875 0.0265625 0.0234375
4 0.68125 0.7453125 0.015625 0.0125
1 0.6625 0.3296875 0.025 0.025
1 0.71015625 0.78203125 0.0390625 0.0203125
1 0.95546875 0.69375 0.0265625 0.0203125
1 0.80078125 0.471875 0.034375 0.028125
1 0.9609375 0.715625 0.0125 0.0171875
2 0.3890625 0.24296875 0.0953125 0.0859375
2 0.1875 0.15625 0.1140625 0.0796875
4 0.196875 0.04921875 0.0140625 0.009375
1 0.9484375 0.43515625 0.03125 0.01875