1 0.18359375 0.8609375 0.046875 0.0390625
1 0.18203125 0.62890625 0.0375 0.0328125
1 0.2703125 0.296875 0.03125 0.0234375
1 0.1671875 0.56171875 0.03125 0.0359375
1 0.01328125 0.78359375 0.0265625 0.0296875
1 0.34765625 0.90859375 0.034375 0.034375
1 0.00390625 0.753125 0.0078125 0.028125
1 0.15625 0.61171875 0.03125 0.034375
1 0.17109375 0.64921875 0.03125 0.025
1 0.33828125 0.8765625 0.0328125 0.0265625
1 0.3328125 0.23125 0.025 0.0234375
1 0.3171875 0.2328125 0.025 0.0203125
1 0.31953125 0.90078125 0.0328125 0.0328125
1 0.575 0.65078125 0.075 0.0546875
2 0.278125 0.7640625 0.0296875 0.0328125
1 0.84609375 0.31640625 0.0734375 0.0703125
1 0.02265625 0.74609375 0.0328125 0.0296875
1 0.03984375 0.77734375 0.0328125 0.03125
1 0.15859375 0.2265625 0.0265625 0.0140625
2 0.1328125 0.49296875 0.0265625 0.0265625
1 0.159375 0.20546875 0.021875 0.01875
2 0.12109375 0.653125 0.0296875 0.0296875
2 0.10703125 0.684375 0.0484375 0.0375
1 0.178125 0.24375 0.0265625 0.015625
1 0.325 0.87578125 0.0359375 0.03125
3 0.2734375 0.65078125 0.01875 0.021875
2 0.25625 0.79375 0.0265625 0.028125
1 0.02421875 0.7625 0.0296875 0.0265625
1 0.1234375 0.2546875 0.0234375 0.025
1 0.96171875 0.46953125 0.0765625 0.0890625
4 0.05078125 0.62578125 0.0109375 0.0046875
4 0.1625 0.21484375 0.009375 0.0046875
3 0.7046875 0.74296875 0.0453125 0.0359375