1 0.9078125 0.63203125 0.06953125 0.0484375
1 0.72109375 0.1828125 0.03125 0.03125
1 0.871875 0.5375 0.0625 0.04375
2 0.34453125 0.61953125 0.0375 0.04765625
2 0.10546875 0.51796875 0.0328125 0.0296875
1 0.6875 0.5515625 0.05625 0.0484375
1 0.59296875 0.54140625 0.0546875 0.04296875
1 0.7515625 0.38046875 0.021875 0.05
1 0.82890625 0.1890625 0.034375 0.02734375
1 0.71015625 0.4125 0.03984375 0.0375
3 0.74453125 0.70859375 0.0265625 0.040625
3 0.97890625 0.66640625 0.0203125 0.0265625
1 0.88203125 0.19140625 0.015625 0.03359375
1 0.2703125 0.7375 0.03125 0.05078125
1 0.29296875 0.69375 0.0515625 0.046875
1 0.6609375 0.46953125 0.01796875 0.0328125
1 0.778125 0.54375 0.03984375 0.046875
1 0.7953125 0.17890625 0.02578125 0.0296875
1 0.7328125 0.36328125 0.0171875 0.0671875
1 0.41640625 0.375 0.02265625 0.0453125
3 0.98984375 0.57890625 0.0203125 0.02890625
2 0.22734375 0.5671875 0.025 0.0359375
2 0.11953125 0.475 0.02578125 0.0375
1 0.8125 0.3078125 0.0265625 0.03125
1 0.89609375 0.45625 0.0203125 0.05625
2 0.22890625 0.59296875 0.01640625 0.053125
2 0.3515625 0.59453125 0.0171875 0.04765625
2 0.48125 0.53515625 0.03203125 0.090625
4 0.31015625 0.39140625 0.00546875 0.0140625
2 0.33828125 0.40859375 0.00546875 0.0140625
1 0.925 0.45703125 0.0203125 0.05625
1 0.97734375 0.20859375 0.01796875 0.03359375
1 0.77265625 0.175 0.01328125 0.03203125
1 0.74609375 0.15625 0.02109375 0.0359375