1 0.49296875 0.846875 0.0625 0.0640625
1 0.65078125 0.47421875 0.0453125 0.0390625
2 0.5390625 0.16796875 0.01328125 0.03203125
1 0.2578125 0.11484375 0.01796875 0.0359375
2 0.1390625 0.0859375 0.0359375 0.02578125
1 0.50859375 0.06015625 0.015625 0.021875
4 0.81640625 0.2015625 0.00234375 0.00859375
1 0.84765625 0.09765625 0.01875 0.034375
1 0.8828125 0.115625 0.0125 0.025
1 0.69921875 0.42734375 0.0421875 0.03671875
2 0.64609375 0.909375 0.071875 0.08203125
1 0.50625 0.61875 0.0515625 0.04609375
1 0.75546875 0.63203125 0.05625 0.06796875
1 0.68125 0.54609375 0.0484375 0.04921875
1 0.915625 0.71328125 0.06796875 0.0734375
3 0.84375 0.6890625 0.03203125 0.0421875
1 0.5265625 0.01015625 0.0140625 0.01953125
2 0.49765625 0.12578125 0.0234375 0.0484375
2 0.5140625 0.14140625 0.0203125 0.021875
1 0.60234375 0.1546875 0.03203125 0.0234375
1 0.64140625 0.15546875 0.03046875 0.02265625
1 0.67578125 0.175 0.01171875 0.03125
3 0.5640625 0.27890625 0.01015625 0.02265625
1 0.60859375 0.359375 0.03046875 0.0515625
1 0.45703125 0.371875 0.04140625 0.0296875
1 0.4640625 0.34453125 0.04375 0.04765625
2 0.528125 0.275 0.04140625 0.04140625
1 0.3046875 0.40390625 0.03046875 0.0546875
1 0.23984375 0.3328125 0.02734375 0.05078125
1 0.2265625 0.25234375 0.01328125 0.0390625
0 0.175 0.1359375 0.0390625 0.02578125
2 0.18046875 0.18671875 0.05 0.03359375
1 0.1859375 0.30703125 0.03125 0.05859375
1 0.13203125 0.315625 0.03671875 0.03203125
1 0.10703125 0.36640625 0.040625 0.04921875
1 0.0640625 0.43671875 0.04609375 0.03125
1 0.07578125 0.4171875 0.05 0.02578125
1 0.01875 0.47265625 0.0375 0.0421875
1 0.059375 0.515625 0.05703125 0.0625
1 0.0234375 0.90078125 0.046875 0.11953125
4 0.1484375 0.44765625 0.0046875 0.0171875
4 0.2578125 0.440625 0.00390625 0.01328125
1 0.190625 0.2375 0.03359375 0.02578125
1 0.3875 0.03828125 0.01796875 0.028125
1 0.36953125 0.06328125 0.01796875 0.028125
1 0.39140625 0.0859375 0.01796875 0.028125
1 0.40625 0.06328125 0.01796875 0.028125
1 0.30390625 0.0140625 0.01328125 0.025
2 0.1828125 0.17421875 0.04921875 0.015625