0 0.1828125 0.26015625 0.128125 0.0859375
1 0.96953125 0.06796875 0.0265625 0.0171875
1 0.37578125 0.053125 0.0578125 0.0640625
1 0.31640625 0.86875 0.0796875 0.0453125
1 0.71875 0.5828125 0.053125 0.0703125
1 0.303125 0.178125 0.0609375 0.0734375
2 0.05078125 0.5671875 0.1015625 0.121875
1 0.81640625 0.58125 0.0265625 0.028125
1 0.4484375 0.22890625 0.071875 0.053125
1 0.6109375 0.3265625 0.05 0.0515625
2 0.64453125 0.21328125 0.046875 0.0578125
2 0.7421875 0.2890625 0.059375 0.053125
2 0.81484375 0.34765625 0.05 0.0375
1 0.86328125 0.23671875 0.0375 0.0359375
1 0.846875 0.19453125 0.034375 0.0359375
1 0.8828125 0.27265625 0.034375 0.0265625
1 0.9109375 0.28046875 0.028125 0.0390625
1 0.9828125 0.30078125 0.034375 0.0296875
1 0.98515625 0.315625 0.0296875 0.028125
1 0.990625 0.07734375 0.01875 0.0296875
3 0.96484375 0.14921875 0.0203125 0.015625
3 0.97734375 0.11171875 0.0203125 0.015625
1 0.54296875 0.21328125 0.071875 0.053125
1 0.66484375 0.66796875 0.04375 0.0390625
1 0.7453125 0.7703125 0.0296875 0.03125
1 0.80625 0.53671875 0.0390625 0.03125
1 0.76015625 0.63046875 0.0265625 0.0359375
1 0.621875 0.97734375 0.0234375 0.0328125
1 0.7015625 0.1546875 0.04375 0.0390625