1 0.96015625 0.30078125 0.02734375 0.05234375
1 0.1671875 0.94453125 0.06328125 0.10859375
1 0.878125 0.10546875 0.01953125 0.02421875
2 0.646875 0.26796875 0.03125 0.05
2 0.70859375 0.4375 0.07578125 0.0234375
1 0.8890625 0.16328125 0.02109375 0.03203125
1 0.3203125 0.734375 0.059375 0.0453125
1 0.67578125 0.45546875 0.0515625 0.06015625
2 0.3640625 0.75 0.07734375 0.0609375
2 0.73203125 0.48359375 0.0421875 0.03671875
2 0.72578125 0.46640625 0.0296875 0.0421875
2 0.56015625 0.328125 0.046875 0.06171875
1 0.9859375 0.3609375 0.028125 0.053125
2 0.8734375 0.059375 0.02734375 0.05234375
2 0.95390625 0.00859375 0.053125 0.0171875