2 0.1140625 0.12109375 0.1265625 0.0484375
2 0.12421875 0.8515625 0.034375 0.0296875
1 0.934375 0.4703125 0.0203125 0.025
1 0.79609375 0.10625 0.0265625 0.021875
4 0.575 0.821875 0.0109375 0.009375
1 0.5109375 0.13359375 0.0390625 0.025
1 0.165625 0.009375 0.01875 0.01875
1 0.8859375 0.4015625 0.01875 0.0125
1 0.57734375 0.140625 0.05625 0.0296875
2 0.82421875 0.4015625 0.0234375 0.025
2 0.55859375 0.61796875 0.021875 0.0125
2 0.69375 0.3921875 0.0203125 0.0171875
1 0.778125 0.04609375 0.0296875 0.0390625
3 0.91328125 0.75078125 0.0078125 0.0109375
1 0.92578125 0.2625 0.01875 0.025
1 0.95234375 0.5265625 0.015625 0.021875
2 0.70703125 0.39453125 0.0453125 0.0171875
1 0.9046875 0.271875 0.01875 0.015625
1 0.853125 0.084375 0.01875 0.0171875
1 0.5203125 0.1328125 0.0609375 0.0265625
2 0.66484375 0.35859375 0.0265625 0.0296875
1 0.803125 0.28828125 0.028125 0.0171875
2 0.3984375 0.565625 0.034375 0.0609375
2 0.65546875 0.36484375 0.0375 0.028125
2 0.64609375 0.32578125 0.0515625 0.034375
2 0.825 0.38671875 0.0234375 0.025
1 0.7015625 0.52578125 0.025 0.04375
1 0.69921875 0.47109375 0.0296875 0.040625
1 0.8890625 0.51796875 0.0203125 0.0296875
1 0.7140625 0.5640625 0.0421875 0.0171875
1 0.98671875 0.57578125 0.021875 0.021875
2 0.99375 0.44921875 0.0125 0.0296875
1 0.9484375 0.40078125 0.0203125 0.025
1 0.99609375 0.2265625 0.0078125 0.009375
1 0.92734375 0.14140625 0.034375 0.0171875
1 0.8828125 0.09765625 0.021875 0.028125
1 0.89296875 0.09921875 0.0171875 0.0328125
1 0.909375 0.084375 0.01875 0.015625
1 0.71796875 0.08828125 0.0234375 0.0375
1 0.525 0.06484375 0.06875 0.0265625
1 0.82578125 0.05703125 0.0296875 0.0390625
1 0.58125 0.1390625 0.0484375 0.0234375
1 0.44296875 0.04296875 0.06875 0.0265625