1 0.12265625 0.734375 0.0234375 0.03125
3 0.65234375 0.75078125 0.0328125 0.0296875
1 0.0484375 0.59921875 0.021875 0.025
1 0.08828125 0.6546875 0.021875 0.025
2 0.71171875 0.89921875 0.0859375 0.0640625
1 0.06953125 0.6296875 0.021875 0.025
1 0.10703125 0.73203125 0.0203125 0.0234375
1 0.1703125 0.36015625 0.0296875 0.0296875
1 0.14921875 0.75390625 0.0234375 0.03125
1 0.61328125 0.1390625 0.0734375 0.0375
4 0.8484375 0.815625 0.0171875 0.0109375
4 0.79765625 0.9171875 0.0171875 0.0109375
4 0.77890625 0.89921875 0.0171875 0.0109375
4 0.78984375 0.91015625 0.0171875 0.0109375
2 0.4640625 0.82578125 0.059375 0.0359375
2 0.38984375 0.8671875 0.0796875 0.0546875
1 0.48828125 0.79375 0.0609375 0.0453125
1 0.4796875 0.76171875 0.0609375 0.0453125
1 0.43046875 0.753125 0.04375 0.0484375
1 0.43125 0.68671875 0.0375 0.046875
2 0.29921875 0.6359375 0.03125 0.04375
1 0.40859375 0.3265625 0.05 0.03125
1 0.23984375 0.32421875 0.0421875 0.0203125
1 0.22890625 0.31015625 0.0359375 0.0171875
1 0.10625 0.70859375 0.01875 0.0234375
1 0.13828125 0.85390625 0.0328125 0.0203125
1 0.16953125 0.91328125 0.03125 0.0296875
1 0.259375 0.9796875 0.0390625 0.0390625
1 0.3453125 0.98671875 0.046875 0.0265625
1 0.2984375 0.965625 0.046875 0.0453125
1 0.09453125 0.88046875 0.03125 0.0234375
2 0.0984375 0.9609375 0.0296875 0.0359375
1 0.0671875 0.91875 0.0171875 0.0203125
1 0.06953125 0.93359375 0.015625 0.0203125