2 0.965625 0.36796875 0.0234375 0.01875
4 0.6015625 0.80390625 0.0109375 0.0046875
4 0.58203125 0.82421875 0.0109375 0.0046875
4 0.590625 0.7953125 0.0109375 0.0046875
4 0.6046875 0.77734375 0.0109375 0.0046875
4 0.48046875 0.84140625 0.0109375 0.0046875
4 0.49296875 0.86484375 0.0109375 0.0046875
4 0.6140625 0.75625 0.0109375 0.0046875
4 0.47890625 0.859375 0.0125 0.00625
4 0.46875 0.83515625 0.015625 0.00625
4 0.44296875 0.8703125 0.0140625 0.00625
4 0.35 0.91328125 0.015625 0.00625
4 0.371875 0.93203125 0.015625 0.0078125
4 0.43984375 0.90078125 0.0125 0.00625
4 0.39921875 0.91640625 0.015625 0.00625