1 0.4859375 0.57421875 0.0578125 0.0265625
1 0.625 0.69921875 0.065625 0.0265625
3 0.08671875 0.36328125 0.0140625 0.021875
1 0.7171875 0.79921875 0.04375 0.0609375
1 0.36953125 0.9921875 0.0296875 0.015625
1 0.4296875 0.68359375 0.025 0.01875
1 0.603125 0.58671875 0.0640625 0.0328125
3 0.4640625 0.325 0.0171875 0.025
4 0.528125 0.91171875 0.0140625 0.0140625
2 0.2875 0.625 0.0359375 0.05
2 0.146875 0.571875 0.03125 0.021875
1 0.20703125 0.94609375 0.0296875 0.015625
1 0.15234375 0.2125 0.0203125 0.0140625
2 0.91953125 0.7359375 0.053125 0.0578125
1 0.23203125 0.67265625 0.025 0.034375
1 0.62890625 0.57734375 0.0203125 0.0203125
1 0.428125 0.7015625 0.040625 0.046875
2 0.88984375 0.69375 0.0734375 0.05625
1 0.68046875 0.79921875 0.04375 0.0609375
1 0.07734375 0.22109375 0.0296875 0.021875
1 0.128125 0.3203125 0.0453125 0.0265625
1 0.18515625 0.34140625 0.0453125 0.0265625
1 0.26171875 0.39140625 0.0453125 0.0265625
1 0.08984375 0.44921875 0.0328125 0.0359375
2 0.19375 0.5453125 0.0359375 0.0515625
2 0.0890625 0.59140625 0.0359375 0.03125
1 0.13125 0.5203125 0.0328125 0.0359375
1 0.0140625 0.5453125 0.025 0.0203125
1 0.015625 0.571875 0.021875 0.0109375
1 0.01171875 0.60703125 0.009375 0.025
1 0.0890625 0.96171875 0.0203125 0.0140625
2 0.88359375 0.2203125 0.0453125 0.065625