1 0.321875 0.103125 0.02890625 0.0296875
2 0.1203125 0.07109375 0.04453125 0.02734375
1 0.3046875 0.70078125 0.0484375 0.08203125
1 0.30859375 0.50390625 0.03828125 0.06484375
1 0.38359375 0.34921875 0.028125 0.05859375
2 0.78359375 0.625 0.065625 0.034375
1 0.26015625 0.60703125 0.053125 0.0890625
2 0.30234375 0.20078125 0.03046875 0.03046875
1 0.16171875 0.39609375 0.01796875 0.05078125
1 0.33515625 0.04921875 0.0109375 0.03046875
2 0.19296875 0.1359375 0.040625 0.03671875
1 0.4625 0.30234375 0.0203125 0.053125
1 0.57109375 0.32109375 0.025 0.0390625
1 0.58984375 0.27890625 0.0234375 0.03515625
1 0.6203125 0.25625 0.03125 0.02890625
1 0.56484375 0.2984375 0.0203125 0.040625
2 0.17421875 0.065625 0.03828125 0.02734375
2 0.07265625 0.0828125 0.04296875 0.025
1 0.4078125 0.221875 0.01796875 0.0453125
1 0.33984375 0.60390625 0.04453125 0.08125
2 0.534375 0.86171875 0.05859375 0.15625