1 0.54375 0.5203125 0.0765625 0.0453125
1 0.4453125 0.53203125 0.0578125 0.05
1 0.4609375 0.6359375 0.0484375 0.05625
1 0.02890625 0.57578125 0.0296875 0.021875
2 0.878125 0.69296875 0.1109375 0.0875
4 0.73125 0.97265625 0.0109375 0.0078125
4 0.73046875 0.96484375 0.0109375 0.0078125
3 0.54609375 0.27421875 0.04375 0.0328125
4 0.24609375 0.4125 0.0109375 0.0078125
4 0.20234375 0.40546875 0.0125 0.00625
4 0.17265625 0.415625 0.0109375 0.00625
4 0.20078125 0.39375 0.0109375 0.00625
4 0.178125 0.39921875 0.0109375 0.00625
3 0.44296875 0.3671875 0.04375 0.0265625
3 0.36171875 0.20546875 0.03125 0.01875
3 0.80234375 0.1890625 0.0734375 0.0453125
3 0.03671875 0.2453125 0.0140625 0.0109375