1 0.57109375 0.07578125 0.021875 0.01875
1 0.0953125 0.24296875 0.04296875 0.03515625
1 0.68203125 0.07109375 0.0265625 0.021875
1 0.1796875 0.85546875 0.04375 0.0609375
1 0.96015625 0.0109375 0.028125 0.0203125
1 0.565625 0.31484375 0.02265625 0.0375
1 0.1546875 0.05546875 0.0234375 0.02265625
2 0.41171875 0.07734375 0.03125 0.028125
1 0.53984375 0.065625 0.021875 0.01953125
3 0.94921875 0.55390625 0.02578125 0.01953125
1 0.76640625 0.015625 0.02265625 0.01875
2 0.95546875 0.06640625 0.02109375 0.01953125
1 0.9921875 0.0078125 0.015625 0.015625
1 0.9421875 0.16484375 0.03125 0.021875
1 0.65390625 0.08125 0.0109375 0.02421875
3 0.09921875 0.084375 0.01328125 0.01796875
1 0.15625 0.02421875 0.01875 0.015625
3 0.65234375 0.05703125 0.0078125 0.0125
1 0.80078125 0.3140625 0.03125 0.0234375
2 0.928125 0.0796875 0.02265625 0.01953125
3 0.57890625 0.1796875 0.0109375 0.0140625
1 0.60234375 0.0875 0.0140625 0.021875
4 0.809375 0.1234375 0.00390625 0.00859375
2 0.9 0.08671875 0.03203125 0.021875
2 0.93671875 0.06015625 0.02109375 0.01171875
1 0.7 0.0484375 0.01171875 0.0203125
1 0.71484375 0.04765625 0.01171875 0.028125
1 0.60234375 0.0375 0.01953125 0.0171875
2 0.36015625 0.06015625 0.0328125 0.03125
2 0.48359375 0.0671875 0.02578125 0.028125
1 0.43359375 0.04296875 0.015625 0.021875
2 0.28203125 0.053125 0.02734375 0.02109375
1 0.16171875 0.0453125 0.021875 0.0171875
1 0.57421875 0.05234375 0.01328125 0.01875
4 0.16015625 0.134375 0.0046875 0.01015625
4 0.14453125 0.1296875 0.003125 0.01015625
4 0.14140625 0.13046875 0.003125 0.01015625
4 0.22734375 0.17109375 0.003125 0.01015625
4 0.23046875 0.16796875 0.003125 0.01015625
4 0.084375 0.08984375 0.003125 0.01015625
3 0.0734375 0.06640625 0.01328125 0.01796875
3 0.06640625 0.0546875 0.0171875 0.0140625