2 0.53359375 0.128125 0.0609375 0.025
2 0.19609375 0.04765625 0.01875 0.0265625
2 0.153125 0.1859375 0.03125 0.0203125
0 0.1875 0.703125 0.0375 0.028125
2 0.3265625 0.5265625 0.0265625 0.0453125
2 0.134375 0.396875 0.0296875 0.0140625
2 0.19609375 0.0484375 0.0203125 0.0265625
0 0.1890625 0.70703125 0.0375 0.028125
2 0.13515625 0.396875 0.0328125 0.0140625
2 0.06875 0.2359375 0.025 0.0140625
0 0.19140625 0.7109375 0.0328125 0.0234375
2 0.06796875 0.23359375 0.0265625 0.015625
2 0.196875 0.04921875 0.01875 0.028125
2 0.1328125 0.396875 0.0296875 0.015625
2 0.15 0.1890625 0.0296875 0.025