1 0.52109375 0.53828125 0.0359375 0.07109375
1 0.54375 0.44296875 0.04375 0.053125
1 0.64375 0.471875 0.05078125 0.04140625
1 0.6375 0.04375 0.0171875 0.0265625
2 0.64921875 0.8828125 0.0734375 0.1015625
4 0.93828125 0.77421875 0.00625 0.0109375
4 0.93203125 0.77265625 0.00625 0.0109375
3 0.28125 0.5109375 0.028125 0.0390625
4 0.4515625 0.2359375 0.00625 0.0109375
4 0.45 0.19296875 0.0046875 0.0125
4 0.4640625 0.1640625 0.0046875 0.0109375
4 0.4390625 0.1890625 0.0046875 0.0109375
4 0.446875 0.16796875 0.0046875 0.0109375
3 0.384375 0.421875 0.02109375 0.03984375
3 0.23671875 0.32265625 0.01640625 0.0296875
3 0.16875 0.75 0.0359375 0.06640625
1 0.0078125 0.696875 0.015625 0.04375
3 0.31484375 0.0125 0.01015625 0.0125