1 0.75859375 0.55859375 0.05 0.0359375
1 0.78828125 0.60078125 0.0484375 0.0328125
1 0.77265625 0.65546875 0.034375 0.0421875
3 0.60390625 0.2390625 0.034375 0.0296875
1 0.65859375 0.1203125 0.0640625 0.0375
1 0.5625 0.10078125 0.09375 0.0421875
1 0.3234375 0.11875 0.09375 0.053125
1 0.4265625 0.47109375 0.0796875 0.084375
2 0.25625 0.5125 0.096875 0.0671875
2 0.5734375 0.61328125 0.0671875 0.0578125
3 0.85625 0.47578125 0.025 0.01875
4 0.9921875 0.56015625 0.009375 0.0046875
3 0.96328125 0.39453125 0.0203125 0.0125
4 0.984375 0.53515625 0.009375 0.0046875
4 0.95859375 0.54375 0.009375 0.0046875
4 0.55546875 0.821875 0.009375 0.0046875
1 0.18828125 0.72265625 0.046875 0.0734375
2 0.41484375 0.55390625 0.0703125 0.0671875
3 0.7734375 0.35 0.028125 0.0234375
2 0.01953125 0.6265625 0.0390625 0.109375
4 0.55703125 0.81953125 0.009375 0.0046875