1 0.49765625 0.315625 0.015625 0.0421875
1 0.9171875 0.13828125 0.02578125 0.03515625
1 0.84765625 0.05546875 0.0140625 0.0234375
1 0.9953125 0.24765625 0.009375 0.0296875
4 0.70625 0.02421875 0.003125 0.00859375
4 0.72109375 0.00390625 0.0046875 0.0078125
4 0.73203125 0.015625 0.003125 0.009375
4 0.85625 0.18359375 0.003125 0.01015625
3 0.82890625 0.03203125 0.00703125 0.0125
4 0.8515625 0.1671875 0.0046875 0.01171875
1 0.43515625 0.14375 0.02734375 0.02265625
2 0.33203125 0.02890625 0.0125 0.0234375
1 0.48828125 0.52578125 0.02890625 0.0546875
4 0.71484375 0.0265625 0.003125 0.00859375
1 0.26796875 0.14609375 0.02578125 0.0203125