1 0.32578125 0.103125 0.02734375 0.0171875
3 0.22890625 0.61484375 0.025 0.0296875
1 0.46875 0.0515625 0.0203125 0.01796875
1 0.40859375 0.08203125 0.0203125 0.01953125
2 0.075 0.65078125 0.053125 0.0765625
1 0.4359375 0.06796875 0.02109375 0.01796875
2 0.04296875 0.01015625 0.0359375 0.0203125
1 0.33046875 0.08828125 0.0203125 0.0171875
1 0.6828125 0.20703125 0.0265625 0.0265625
1 0.303125 0.12578125 0.02734375 0.01796875
1 0.83046875 0.67265625 0.0265625 0.06875
4 0.13515625 0.79609375 0.0078125 0.01640625
4 0.04453125 0.73203125 0.0078125 0.01640625
4 0.06484375 0.71640625 0.0078125 0.01640625
4 0.05234375 0.725 0.0078125 0.01640625
2 0.184375 0.42109375 0.028125 0.05625
2 0.15546875 0.3421875 0.04296875 0.07265625
1 0.2125 0.44921875 0.03671875 0.05390625
1 0.24453125 0.44609375 0.03671875 0.05390625
1 0.26015625 0.39921875 0.04375 0.0375
1 0.325 0.4109375 0.04140625 0.0296875
2 0.39453125 0.290625 0.0390625 0.02421875
1 0.67890625 0.44375 0.0234375 0.04609375
1 0.70703125 0.2796875 0.0140625 0.03984375
1 0.72265625 0.271875 0.01328125 0.0328125
1 0.353125 0.090625 0.0203125 0.01484375
1 0.2078125 0.1 0.01484375 0.0296875
1 0.1453125 0.12109375 0.02421875 0.0265625
1 0.06640625 0.1984375 0.03359375 0.03359375
1 0.021875 0.240625 0.04375 0.040625
1 0.03671875 0.27890625 0.03828125 0.040625
1 0.075 0.2390625 0.03828125 0.040625
1 0.18828125 0.053125 0.0171875 0.02734375
2 0.11015625 0.0453125 0.0328125 0.025
1 0.1546875 0.0140625 0.0171875 0.02734375
1 0.13984375 0.01328125 0.0171875 0.0265625