1 0.6671875 0.525 0.05625 0.0421875
1 0.72578125 0.50625 0.05625 0.0421875
1 0.728125 0.4359375 0.0359375 0.0453125
3 0.60625 0.7390625 0.028125 0.0234375
1 0.3921875 0.9359375 0.0796875 0.0578125
1 0.2625 0.934375 0.09375 0.04375
1 0.171875 0.7203125 0.1140625 0.0828125
1 0.21796875 0.46015625 0.0953125 0.0890625
2 0.25390625 0.36171875 0.0984375 0.06875
2 0.478125 0.3859375 0.075 0.0671875
1 0.0203125 0.82265625 0.040625 0.0671875
3 0.73359375 0.65625 0.025 0.0203125
4 0.8734375 0.62890625 0.0125 0.0078125
3 0.80078125 0.78515625 0.0203125 0.0125
4 0.91875 0.62890625 0.009375 0.0046875
4 0.9140625 0.6421875 0.009375 0.0046875
4 0.565625 0.16953125 0.009375 0.0046875
1 0.090625 0.07734375 0.040625 0.0875
2 0.07265625 0.33203125 0.1 0.0578125
3 0.384375 0.784375 0.0484375 0.03125