1 0.91484375 0.275 0.053125 0.05
1 0.3640625 0.5328125 0.0515625 0.0515625
1 0.9953125 0.0640625 0.009375 0.046875
4 0.0953125 0.15234375 0.0109375 0.0171875
1 0.41328125 0.57265625 0.0484375 0.05
4 0.096875 0.1484375 0.009375 0.0140625
4 0.80703125 0.575 0.00625 0.0125
1 0.465625 0.62578125 0.0484375 0.05
1 0.228125 0.44921875 0.0515625 0.0515625
1 0.17734375 0.384375 0.0515625 0.0515625
1 0.275 0.50859375 0.046875 0.0359375
1 0.2828125 0.54765625 0.0421875 0.03125
1 0.23359375 0.4984375 0.0453125 0.0359375
1 0.17890625 0.43203125 0.046875 0.04375