1 0.1 0.296875 0.0796875 0.0609375
1 0.22109375 0.79296875 0.0375 0.0375
1 0.12265625 0.40078125 0.071875 0.05625
2 0.68203125 0.40234375 0.0484375 0.05625
2 0.91328125 0.54765625 0.0390625 0.0359375
1 0.31640625 0.41640625 0.0671875 0.0609375
1 0.4125 0.44296875 0.0640625 0.053125
1 0.22109375 0.5828125 0.0296875 0.05625
1 0.11015625 0.76875 0.040625 0.0328125
1 0.26953125 0.55625 0.0484375 0.046875
3 0.2828125 0.24375 0.034375 0.0453125
3 0.0390625 0.2515625 0.015625 0.0296875
1 0.05546875 0.7578125 0.021875 0.0359375
1 0.778125 0.29140625 0.0390625 0.0578125
1 0.74765625 0.33359375 0.0609375 0.0578125
1 0.3296875 0.50625 0.0234375 0.0375
1 0.22109375 0.409375 0.0484375 0.05625
1 0.14296875 0.78515625 0.03125 0.034375
1 0.2375 0.60390625 0.0296875 0.071875
1 0.5671875 0.64375 0.03125 0.05
2 0.7953125 0.47578125 0.03125 0.040625
2 0.89140625 0.5890625 0.034375 0.04375
1 0.146875 0.64921875 0.0328125 0.0375
1 0.084375 0.48125 0.03125 0.0625
2 0.79765625 0.4484375 0.025 0.0578125
2 0.6703125 0.42734375 0.0265625 0.0515625
2 0.5265625 0.4671875 0.0484375 0.0984375
4 0.68046875 0.64375 0.009375 0.0171875
2 0.65390625 0.621875 0.009375 0.0171875
1 0.0546875 0.47578125 0.03125 0.0625
1 0.165625 0.79296875 0.01875 0.0359375
1 0.190625 0.81640625 0.028125 0.040625